0.00 0.97|1.00 0.07|1.00 0.03|1.00 0.03|1.00 0.03|1.00 0.03|1.00 0.03|1.00 0.03|1.00 0.03|1.00 0.03|1.00 0.03|
0.00 0.97|0.87 0.19|1.00 0.04|1.00 0.03|1.00 0.03|1.00 0.03|1.00 0.03|1.00 0.03|1.00 0.03|1.00 0.03|1.00 0.03|
0.00 0.97|0.42 0.43|0.97 0.10|1.00 0.04|1.00 0.03|1.00 0.03|1.00 0.03|1.00 0.03|1.00 0.03|1.00 0.03|1.00 0.03|
0.00 0.97|0.42 0.44|0.43 0.39|1.00 0.06|1.00 0.04|1.00 0.03|1.00 0.03|1.00 0.03|1.00 0.03|1.00 0.03|1.00 0.03|
0.00 0.97|0.40 0.53|0.42 0.42|0.47 0.38|1.00 0.08|1.00 0.03|1.00 0.03|1.00 0.03|1.00 0.03|1.00 0.03|1.00 0.03|
0.00 0.97|0.35 0.71|0.41 0.55|0.46 0.42|0.61 0.38|1.00 0.12|1.00 0.04|1.00 0.03|1.00 0.03|1.00 0.03|1.00 0.03|
0.00 0.97|0.29 0.87|0.37 0.75|0.44 0.57|0.50 0.43|0.68 0.36|1.00 0.15|1.00 0.06|1.00 0.03|1.00 0.03|1.00 0.03|
0.00 0.97|0.18 0.97|0.24 0.95|0.32 0.91|0.42 0.80|0.61 0.54|0.89 0.36|1.00 0.15|1.00 0.03|1.00 0.03|1.00 0.03|
0.00 0.97|0.01 0.97|0.04 0.98|0.09 0.98|0.13 0.97|0.16 0.96|0.40 0.93|0.51 0.76|0.68 0.33|1.00 0.03|1.00 0.03|
0.00 0.97|0.00 0.97|0.00 0.97|0.00 0.97|0.00 0.97|0.00 0.97|0.00 0.97|0.00 0.97|0.00 0.97|0.05 0.90|1.00 0.03|
0.00 0.97|0.00 0.97|0.00 0.97|0.00 0.97|0.00 0.97|0.00 0.97|0.00 0.97|0.00 0.97|0.00 0.97|0.00 0.97|0.00 0.97|
