controller_level,controller_progress_delta,controller_needed,controller_downgrade,controller_safemode,controller_safemode_avail,energy_avail,energy_cap,num_sources,source_energy,mineral_amount,num_extractors,storage_energy,storage_minerals,terminal_energy,terminal_minerals,num_containers,container_energy,num_links,link_energy,num_creeps,creep_energy,num_enemies,num_spawns,spawns_spawning,num_towers,tower_energy,num_construction_sites,num_my_construction_sites,num_source_containers
1,0,200,20000,0,0,0,0,2,3000,70000,0,0,0,0,0,0,0,0,0,1,0,0,0,0,0,0,0,0,0
1,0,200,19997,0,0,0,0,2,3000,70000,0,0,0,0,0,0,0,0,0,1,0,0,0,0,0,0,0,0,0
1,0,200,19994,0,0,0,0,2,3000,70000,0,0,0,0,0,0,0,0,0,1,0,0,0,0,0,0,0,0,0
1,0,200,19991,0,0,0,0,2,3000,70000,0,0,0,0,0,0,0,0,0,1,0,0,0,0,0,0,0,0,0
1,0,200,19988,0,0,0,0,2,3000,70000,0,0,0,0,0,0,0,0,0,1,0,0,0,0,0,0,0,0,0
1,0,200,19985,0,0,0,0,2,3000,70000,0,0,0,0,0,0,0,0,0,1,0,0,0,0,0,0,0,0,0
1,0,200,19982,0,0,0,0,2,3000,70000,0,0,0,0,0,0,0,0,0,1,0,0,0,0,0,0,0,0,0
1,0,200,19979,0,0,0,0,2,3000,70000,0,0,0,0,0,0,0,0,0,1,0,0,0,0,0,0,0,0,0
1,0,200,19976,0,0,0,0,2,3000,70000,0,0,0,0,0,0,0,0,0,1,0,0,0,0,0,0,0,0,0
1,0,200,19974,0,0,0,0,2,3000,70000,0,0,0,0,0,0,0,0,0,1,0,0,0,0,0,0,0,0,0
1,0,200,19971,0,0,0,0,2,3000,70000,0,0,0,0,0,0,0,0,0,1,0,0,0,0,0,0,0,0,0
1,0,200,19969,0,0,0,0,2,3000,70000,0,0,0,0,0,0,0,0,0,1,0,0,0,0,0,0,0,0,0
1,0,200,19966,0,0,0,0,2,3000,70000,0,0,0,0,0,0,0,0,0,1,0,0,0,0,0,0,1,1,0
1,0,200,19963,0,0,0,0,2,3000,70000,0,0,0,0,0,0,0,0,0,1,0,0,0,0,0,0,1,1,0
1,0,200,19960,0,0,0,0,2,3000,70000,0,0,0,0,0,0,0,0,0,1,0,0,0,0,0,0,1,1,0
1,0,200,19957,0,0,0,0,2,3000,70000,0,0,0,0,0,0,0,0,0,1,0,0,0,0,0,0,1,1,0
1,0,200,19954,0,0,0,0,2,3000,70000,0,0,0,0,0,0,0,0,0,1,0,0,0,0,0,0,1,1,0
1,0,200,19951,0,0,0,0,2,3000,70000,0,0,0,0,0,0,0,0,0,1,0,0,0,0,0,0,1,1,0
1,0,200,19949,0,0,0,0,2,3000,70000,0,0,0,0,0,0,0,0,0,1,0,0,0,0,0,0,1,1,0
1,0,200,19946,0,0,0,0,2,3000,70000,0,0,0,0,0,0,0,0,0,1,0,0,0,0,0,0,1,1,0
1,0,200,19943,0,0,0,0,2,3000,70000,0,0,0,0,0,0,0,0,0,1,0,0,0,0,0,0,1,1,0
1,0,200,19941,0,0,0,0,2,3000,70000,0,0,0,0,0,0,0,0,0,1,0,0,0,0,0,0,1,1,0
1,0,200,19938,0,0,0,0,2,3000,70000,0,0,0,0,0,0,0,0,0,1,0,0,0,0,0,0,1,1,0
1,0,200,19934,0,0,0,0,2,3000,70000,0,0,0,0,0,0,0,0,0,1,0,0,0,0,0,0,1,1,0
1,0,200,19931,0,0,0,0,2,3000,70000,0,0,0,0,0,0,0,0,0,1,0,0,0,0,0,0,1,1,0
1,0,200,19929,0,0,0,0,2,3000,70000,0,0,0,0,0,0,0,0,0,1,0,0,0,0,0,0,1,1,0
1,0,200,19927,0,0,0,0,2,3000,70000,0,0,0,0,0,0,0,0,0,1,0,0,0,0,0,0,1,1,0
1,0,200,19924,0,0,0,0,2,3000,70000,0,0,0,0,0,0,0,0,0,1,0,0,0,0,0,0,1,1,0
1,0,200,19922,0,0,0,0,2,3000,70000,0,0,0,0,0,0,0,0,0,1,0,0,0,0,0,0,1,1,0
1,0,200,19919,0,0,0,0,2,3000,70000,0,0,0,0,0,0,0,0,0,1,0,0,0,0,0,0,1,1,0
1,0,200,19916,0,0,0,0,2,3000,70000,0,0,0,0,0,0,0,0,0,1,0,0,0,0,0,0,1,1,0
1,0,200,19913,0,0,0,0,2,3000,70000,0,0,0,0,0,0,0,0,0,1,0,0,0,0,0,0,1,1,0
1,0,200,19912,0,0,0,0,2,3000,70000,0,0,0,0,0,0,0,0,0,1,0,0,0,0,0,0,1,1,0
1,0,200,19910,0,0,0,0,2,3000,70000,0,0,0,0,0,0,0,0,0,1,0,0,0,0,0,0,1,1,0
1,0,200,19907,0,0,0,0,2,3000,70000,0,0,0,0,0,0,0,0,0,1,0,0,0,0,0,0,1,1,0
1,0,200,19904,0,0,0,0,2,3000,70000,0,0,0,0,0,0,0,0,0,1,0,0,0,0,0,0,1,1,0
1,0,200,19901,0,0,0,0,2,3000,70000,0,0,0,0,0,0,0,0,0,1,0,0,0,0,0,0,1,1,0
1,0,200,19898,0,0,0,0,2,3000,70000,0,0,0,0,0,0,0,0,0,1,0,0,0,0,0,0,1,1,0
1,0,200,19896,0,0,0,0,2,3000,70000,0,0,0,0,0,0,0,0,0,1,0,0,0,0,0,0,1,1,0
1,0,200,19893,0,0,0,0,2,3000,70000,0,0,0,0,0,0,0,0,0,1,0,0,0,0,0,0,1,1,0
1,0,200,19890,0,0,0,0,2,3000,70000,0,0,0,0,0,0,0,0,0,1,0,0,0,0,0,0,1,1,0
1,0,200,19887,0,0,0,0,2,3000,70000,0,0,0,0,0,0,0,0,0,1,0,0,0,0,0,0,1,1,0
1,0,200,19885,0,0,0,0,2,3000,70000,0,0,0,0,0,0,0,0,0,1,0,0,0,0,0,0,1,1,0
1,0,200,19881,0,0,0,0,2,3000,70000,0,0,0,0,0,0,0,0,0,1,0,0,0,0,0,0,1,1,0
1,0,200,19879,0,0,0,0,2,3000,70000,0,0,0,0,0,0,0,0,0,1,0,0,0,0,0,0,1,1,0
1,0,200,19876,0,0,0,0,2,3000,70000,0,0,0,0,0,0,0,0,0,1,0,0,0,0,0,0,1,1,0
1,0,200,19874,0,0,0,0,2,3000,70000,0,0,0,0,0,0,0,0,0,1,0,0,0,0,0,0,1,1,0
1,0,200,19871,0,0,0,0,2,3000,70000,0,0,0,0,0,0,0,0,0,1,0,0,0,0,0,0,1,1,0
1,0,200,19868,0,0,0,0,2,3000,70000,0,0,0,0,0,0,0,0,0,1,0,0,0,0,0,0,1,1,0
1,0,200,19865,0,0,0,0,2,3000,70000,0,0,0,0,0,0,0,0,0,1,0,0,0,0,0,0,1,1,0
1,0,200,19863,0,0,0,0,2,3000,70000,0,0,0,0,0,0,0,0,0,1,0,0,0,0,0,0,1,1,0
1,0,200,19860,0,0,0,0,2,3000,70000,0,0,0,0,0,0,0,0,0,1,0,0,0,0,0,0,1,1,0
1,0,200,19857,0,0,0,0,2,3000,70000,0,0,0,0,0,0,0,0,0,1,0,0,0,0,0,0,1,1,0
1,0,200,19854,0,0,0,0,2,3000,70000,0,0,0,0,0,0,0,0,0,1,0,0,0,0,0,0,1,1,0
1,0,200,19852,0,0,0,0,2,3000,70000,0,0,0,0,0,0,0,0,0,1,0,0,0,0,0,0,1,1,0
1,0,200,19850,0,0,0,0,2,3000,70000,0,0,0,0,0,0,0,0,0,1,0,0,0,0,0,0,1,1,0
1,0,200,19848,0,0,0,0,2,3000,70000,0,0,0,0,0,0,0,0,0,1,0,0,0,0,0,0,1,1,0
1,0,200,19848,0,0,0,0,2,3000,70000,0,0,0,0,0,0,0,0,0,1,0,0,0,0,0,0,1,1,0
1,0,200,19844,0,0,0,0,2,3000,70000,0,0,0,0,0,0,0,0,0,1,0,0,0,0,0,0,1,1,0
1,0,200,19841,0,0,0,0,2,3000,70000,0,0,0,0,0,0,0,0,0,1,0,0,0,0,0,0,1,1,0
1,0,200,19840,0,0,0,0,2,3000,70000,0,0,0,0,0,0,0,0,0,1,0,0,0,0,0,0,1,1,0
1,0,200,19838,0,0,0,0,2,3000,70000,0,0,0,0,0,0,0,0,0,1,0,0,0,0,0,0,1,1,0
1,0,200,19836,0,0,0,0,2,3000,70000,0,0,0,0,0,0,0,0,0,1,0,0,0,0,0,0,1,1,0
1,0,200,19833,0,0,0,0,2,3000,70000,0,0,0,0,0,0,0,0,0,1,0,0,0,0,0,0,1,1,0
1,0,200,19831,0,0,0,0,2,3000,70000,0,0,0,0,0,0,0,0,0,1,0,0,0,0,0,0,1,1,0
1,0,200,19828,0,0,0,0,2,3000,70000,0,0,0,0,0,0,0,0,0,1,0,0,0,0,0,0,1,1,0
1,0,200,19825,0,0,0,0,2,3000,70000,0,0,0,0,0,0,0,0,0,1,0,0,0,0,0,0,1,1,0
1,0,200,19823,0,0,0,0,2,3000,70000,0,0,0,0,0,0,0,0,0,1,0,0,0,0,0,0,1,1,0
1,0,200,19820,0,0,0,0,2,3000,70000,0,0,0,0,0,0,0,0,0,1,0,0,0,0,0,0,1,1,0
1,0,200,19818,0,0,0,0,2,3000,70000,0,0,0,0,0,0,0,0,0,1,0,0,0,0,0,0,1,1,0
1,0,200,19815,0,0,0,0,2,3000,70000,0,0,0,0,0,0,0,0,0,1,0,0,0,0,0,0,1,1,0
1,0,200,19813,0,0,0,0,2,3000,70000,0,0,0,0,0,0,0,0,0,1,0,0,0,0,0,0,1,1,0
1,0,200,19810,0,0,0,0,2,3000,70000,0,0,0,0,0,0,0,0,0,1,0,0,0,0,0,0,1,1,0
1,0,200,19808,0,0,0,0,2,3000,70000,0,0,0,0,0,0,0,0,0,1,0,0,0,0,0,0,1,1,0
1,0,200,19805,0,0,0,0,2,3000,70000,0,0,0,0,0,0,0,0,0,1,0,0,0,0,0,0,1,1,0
1,0,200,19802,0,0,0,0,2,3000,70000,0,0,0,0,0,0,0,0,0,1,0,0,0,0,0,0,1,1,0
1,0,200,19799,0,0,0,0,2,3000,70000,0,0,0,0,0,0,0,0,0,1,0,0,0,0,0,0,1,1,0
1,0,200,19797,0,0,0,0,2,3000,70000,0,0,0,0,0,0,0,0,0,1,0,0,0,0,0,0,1,1,0
1,0,200,19794,0,0,0,0,2,3000,70000,0,0,0,0,0,0,0,0,0,1,0,0,0,0,0,0,1,1,0
1,0,200,19791,0,0,0,0,2,3000,70000,0,0,0,0,0,0,0,0,0,1,0,0,0,0,0,0,1,1,0
1,0,200,19788,0,0,0,0,2,3000,70000,0,0,0,0,0,0,0,0,0,2,100,0,0,0,0,0,1,1,0
1,0,200,19786,0,0,0,0,2,3000,70000,0,0,0,0,0,0,0,0,0,2,100,0,0,0,0,0,1,1,0
1,0,200,19783,0,0,0,0,2,3000,70000,0,0,0,0,0,0,0,0,0,2,100,0,0,0,0,0,1,1,0
1,0,200,19780,0,0,0,0,2,3000,70000,0,0,0,0,0,0,0,0,0,2,100,0,0,0,0,0,1,1,0
1,0,200,19777,0,0,0,0,2,3000,70000,0,0,0,0,0,0,0,0,0,2,100,0,0,0,0,0,1,1,0
1,0,200,19774,0,0,0,0,2,3000,70000,0,0,0,0,0,0,0,0,0,2,100,0,0,0,0,0,1,1,0
1,0,200,19771,0,0,0,0,2,3000,70000,0,0,0,0,0,0,0,0,0,2,100,0,0,0,0,0,1,1,0
1,0,200,19768,0,0,0,0,2,3000,70000,0,0,0,0,0,0,0,0,0,2,100,0,0,0,0,0,1,1,0
1,0,200,19765,0,0,0,0,2,3000,70000,0,0,0,0,0,0,0,0,0,2,100,0,0,0,0,0,1,1,0
1,0,200,19763,0,0,0,0,2,3000,70000,0,0,0,0,0,0,0,0,0,2,100,0,0,0,0,0,1,1,0
1,0,200,19760,0,0,0,0,2,3000,70000,0,0,0,0,0,0,0,0,0,2,100,0,0,0,0,0,1,1,0
1,0,200,19757,0,0,0,0,2,3000,70000,0,0,0,0,0,0,0,0,0,2,100,0,0,0,0,0,1,1,0
1,0,200,19754,0,0,0,0,2,3000,70000,0,0,0,0,0,0,0,0,0,2,100,0,0,0,0,0,1,1,0
1,0,200,19751,0,0,0,0,2,3000,70000,0,0,0,0,0,0,0,0,0,2,100,0,0,0,0,0,1,1,0
1,0,200,19748,0,0,0,0,2,3000,70000,0,0,0,0,0,0,0,0,0,2,100,0,0,0,0,0,1,1,0
1,0,200,19745,0,0,0,0,2,2980,70000,0,0,0,0,0,0,0,0,0,2,120,0,0,0,0,0,1,1,0
1,0,200,19742,0,0,0,0,2,2920,70000,0,0,0,0,0,0,0,0,0,2,180,0,0,0,0,0,1,1,0
1,0,200,19739,0,0,0,0,2,2860,70000,0,0,0,0,0,0,0,0,0,2,240,0,0,0,0,0,1,1,0
1,0,200,19736,0,0,0,0,2,2800,70000,0,0,0,0,0,0,0,0,0,2,300,0,0,0,0,0,1,1,0
1,0,200,19733,0,0,0,0,2,2800,70000,0,0,0,0,0,0,0,0,0,2,300,0,0,0,0,0,1,1,0
1,0,200,19731,0,0,0,0,2,2800,70000,0,0,0,0,0,0,0,0,0,2,300,0,0,0,0,0,1,1,0
1,0,200,19728,0,0,0,0,2,2800,70000,0,0,0,0,0,0,0,0,0,2,250,0,0,0,0,0,1,1,0
1,0,200,19725,0,0,0,0,2,2800,70000,0,0,0,0,0,0,0,0,0,2,100,0,0,0,0,0,1,1,0
1,0,200,19722,0,0,0,0,2,2800,70000,0,0,0,0,0,0,0,0,0,2,0,0,0,0,0,0,1,1,0
1,0,200,19719,0,0,0,0,2,2800,70000,0,0,0,0,0,0,0,0,0,2,0,0,0,0,0,0,1,1,0
1,0,200,19716,0,0,0,0,2,2740,70000,0,0,0,0,0,0,0,0,0,2,60,0,0,0,0,0,1,1,0
1,0,200,19713,0,0,0,0,2,2680,70000,0,0,0,0,0,0,0,0,0,2,120,0,0,0,0,0,1,1,0
1,0,200,19711,0,0,0,0,2,2640,70000,0,0,0,0,0,0,0,0,0,2,160,0,0,0,0,0,1,1,0
1,0,200,19708,0,0,0,0,2,2580,70000,0,0,0,0,0,0,0,0,0,2,220,0,0,0,0,0,1,1,0
1,0,200,19705,0,0,0,0,2,2520,70000,0,0,0,0,0,0,0,0,0,2,280,0,0,0,0,0,1,1,0
1,0,200,19702,0,0,0,0,2,2500,70000,0,0,0,0,0,0,0,0,0,2,300,0,0,0,0,0,1,1,0
1,0,200,19700,0,0,0,0,2,6000,70000,0,0,0,0,0,0,0,0,0,2,300,0,0,0,0,0,1,1,0
1,0,200,19697,0,0,0,0,2,6000,70000,0,0,0,0,0,0,0,0,0,2,300,0,0,0,0,0,1,1,0
1,0,200,19694,0,0,0,0,2,6000,70000,0,0,0,0,0,0,0,0,0,2,150,0,0,0,0,0,1,1,0
1,0,200,19691,0,0,0,0,2,6000,70000,0,0,0,0,0,0,0,0,0,2,0,0,0,0,0,0,1,1,0
1,0,200,19688,0,0,0,0,2,6000,70000,0,0,0,0,0,0,0,0,0,2,0,0,0,0,0,0,1,1,0
1,0,200,19685,0,0,0,0,2,5960,70000,0,0,0,0,0,0,0,0,0,2,40,0,0,0,0,0,1,1,0
1,0,200,19683,0,0,0,0,2,5920,70000,0,0,0,0,0,0,0,0,0,2,80,0,0,0,0,0,1,1,0
1,0,200,19680,0,0,0,0,2,5860,70000,0,0,0,0,0,0,0,0,0,2,140,0,0,0,0,0,1,1,0
1,0,200,19676,0,0,0,0,2,5780,70000,0,0,0,0,0,0,0,0,0,2,220,0,0,0,0,0,1,1,0
1,0,200,19674,0,0,0,0,2,5740,70000,0,0,0,0,0,0,0,0,0,2,260,0,0,0,0,0,1,1,0
1,0,200,19671,0,0,0,0,2,5700,70000,0,0,0,0,0,0,0,0,0,2,300,0,0,0,0,0,1,1,0
1,0,200,19667,0,0,0,0,2,5700,70000,0,0,0,0,0,0,0,0,0,2,300,0,0,0,0,0,1,1,0
1,0,200,19665,0,0,0,0,2,5700,70000,0,0,0,0,0,0,0,0,0,2,300,0,0,0,0,0,1,1,0
1,0,200,19662,0,0,0,0,2,5700,70000,0,0,0,0,0,0,0,0,0,2,150,0,0,0,0,0,1,1,0
1,0,200,19660,0,0,0,0,2,5700,70000,0,0,0,0,0,0,0,0,0,2,50,0,0,0,0,0,1,1,0
1,0,200,19657,0,0,0,0,2,5700,70000,0,0,0,0,0,0,0,0,0,2,0,0,0,0,0,0,1,1,0
1,0,200,19654,0,0,0,0,2,5680,70000,0,0,0,0,0,0,0,0,0,2,20,0,0,0,0,0,1,1,0
1,0,200,19652,0,0,0,0,2,5640,70000,0,0,0,0,0,0,0,0,0,2,60,0,0,0,0,0,1,1,0
1,0,200,19649,0,0,0,0,2,5580,70000,0,0,0,0,0,0,0,0,0,2,120,0,0,0,0,0,1,1,0
1,0,200,19646,0,0,0,0,2,5520,70000,0,0,0,0,0,0,0,0,0,2,180,0,0,0,0,0,1,1,0
1,0,200,19643,0,0,0,0,2,5460,70000,0,0,0,0,0,0,0,0,0,2,240,0,0,0,0,0,1,1,0
1,0,200,19641,0,0,0,0,2,5420,70000,0,0,0,0,0,0,0,0,0,2,280,0,0,0,0,0,1,1,0
1,0,200,19638,0,0,0,0,2,5400,70000,0,0,0,0,0,0,0,0,0,2,300,0,0,0,0,0,1,1,0
1,0,200,19634,0,0,0,0,2,5400,70000,0,0,0,0,0,0,0,0,0,2,300,0,0,0,0,0,1,1,0
1,0,200,19632,0,0,0,0,2,5400,70000,0,0,0,0,0,0,0,0,0,2,250,0,0,0,0,0,1,1,0
1,0,200,19629,0,0,0,0,2,5400,70000,0,0,0,0,0,0,0,0,0,2,100,0,0,0,0,0,1,1,0
1,0,200,19626,0,0,0,0,2,5400,70000,0,0,0,0,0,0,0,0,0,2,0,0,0,0,0,0,1,1,0
1,0,200,19623,0,0,0,0,2,5400,70000,0,0,0,0,0,0,0,0,0,2,0,0,0,0,0,0,1,1,0
1,0,200,19620,0,0,0,0,2,5340,70000,0,0,0,0,0,0,0,0,0,2,60,0,0,0,0,0,1,1,0
1,0,200,19617,0,0,0,0,2,5280,70000,0,0,0,0,0,0,0,0,0,2,120,0,0,0,0,0,1,1,0
1,0,200,19614,0,0,0,0,2,5220,70000,0,0,0,0,0,0,0,0,0,2,180,0,0,0,0,0,1,1,0
1,0,200,19611,0,0,0,0,2,5160,70000,0,0,0,0,0,0,0,0,0,1,240,0,0,0,0,0,1,1,0
1,0,200,19608,0,0,0,0,2,5100,70000,0,0,0,0,0,0,0,0,0,1,300,0,0,0,0,0,1,1,0
1,0,200,19607,0,0,0,0,2,5100,70000,0,0,0,0,0,0,0,0,0,1,300,0,0,0,0,0,1,1,0
1,0,200,19604,0,0,0,0,2,5100,70000,0,0,0,0,0,0,0,0,0,1,300,0,0,0,0,0,1,1,0
1,0,200,19600,0,0,0,0,2,5100,70000,0,0,0,0,0,0,0,0,0,1,250,0,0,0,0,0,1,1,0
1,0,200,19598,0,0,0,0,2,5100,70000,0,0,0,0,0,0,0,0,0,1,150,0,0,0,0,0,1,1,0
1,0,200,19595,0,0,0,0,2,5100,70000,0,0,0,0,0,0,0,0,0,1,0,0,0,0,0,0,1,1,0
1,0,200,19592,0,0,0,0,2,5100,70000,0,0,0,0,0,0,0,0,0,1,0,0,0,0,0,0,1,1,0
1,0,200,19590,0,0,0,0,2,5080,70000,0,0,0,0,0,0,0,0,0,1,20,0,0,0,0,0,1,1,0
1,0,200,19588,0,0,0,0,2,5040,70000,0,0,0,0,0,0,0,0,0,1,60,0,0,0,0,0,1,1,0
1,0,200,19585,0,0,0,0,2,4980,70000,0,0,0,0,0,0,0,0,0,1,120,0,0,0,0,0,1,1,0
1,0,200,19583,0,0,0,0,2,4940,70000,0,0,0,0,0,0,0,0,0,1,160,0,0,0,0,0,1,1,0
1,0,200,19580,0,0,0,0,2,4880,70000,0,0,0,0,0,0,0,0,0,1,220,0,0,0,0,0,1,1,0
1,0,200,19577,0,0,0,0,2,4820,70000,0,0,0,0,0,0,0,0,0,1,280,0,0,0,0,0,1,1,0
1,0,200,19575,0,0,0,0,2,4800,70000,0,0,0,0,0,0,0,0,0,1,300,0,0,0,0,0,1,1,0
1,0,200,19573,0,0,0,0,2,4800,70000,0,0,0,0,0,0,0,0,0,1,300,0,0,0,0,0,1,1,0
1,0,200,19570,0,0,0,0,2,4800,70000,0,0,0,0,0,0,0,0,0,1,300,0,0,0,0,0,1,1,0
1,0,200,19568,0,0,0,0,2,4800,70000,0,0,0,0,0,0,0,0,0,1,250,0,0,0,0,0,1,1,0
1,0,200,19565,0,0,0,0,2,4800,70000,0,0,0,0,0,0,0,0,0,1,100,0,0,0,0,0,1,1,0
1,0,200,19563,0,0,0,0,2,4800,70000,0,0,0,0,0,0,0,0,0,1,0,0,0,0,0,0,1,1,0
1,0,200,19559,0,0,0,0,2,4800,70000,0,0,0,0,0,0,0,0,0,1,0,0,0,0,0,0,1,1,0
1,0,200,19556,0,0,0,0,2,4740,70000,0,0,0,0,0,0,0,0,0,1,60,0,0,0,0,0,1,1,0
1,0,200,19553,0,0,0,0,2,4680,70000,0,0,0,0,0,0,0,0,0,1,120,0,0,0,0,0,1,1,0
1,0,200,19550,0,0,0,0,2,4620,70000,0,0,0,0,0,0,0,0,0,1,180,0,0,0,0,0,1,1,0
1,0,200,19546,0,0,0,0,2,4540,70000,0,0,0,0,0,0,0,0,0,1,260,0,0,0,0,0,1,1,0
1,0,200,19544,0,0,0,0,2,4500,70000,0,0,0,0,0,0,0,0,0,1,300,0,0,0,0,0,1,1,0
1,0,200,19541,0,0,0,0,2,4500,70000,0,0,0,0,0,0,0,0,0,1,300,0,0,0,0,0,1,1,0
1,0,200,19538,0,0,0,0,2,4500,70000,0,0,0,0,0,0,0,0,0,1,300,0,0,0,0,0,1,1,0
1,0,200,19535,0,0,0,0,2,4500,70000,0,0,0,0,0,0,0,0,0,1,200,0,0,0,0,0,1,1,0
1,0,200,19532,0,0,0,0,2,4500,70000,0,0,0,0,0,0,0,0,0,1,50,0,0,0,0,0,1,1,0
1,0,200,19529,0,0,0,0,2,4500,70000,0,0,0,0,0,0,0,0,0,1,0,0,0,0,0,0,1,1,0
