controller_level,controller_progress_delta,controller_needed,controller_downgrade,controller_safemode,controller_safemode_avail,energy_avail,energy_cap,num_sources,source_energy,mineral_amount,num_extractors,storage_energy,storage_minerals,terminal_energy,terminal_minerals,num_containers,container_energy,num_links,link_energy,num_creeps,creep_energy,num_enemies,num_spawns,spawns_spawning,num_towers,tower_energy,num_construction_sites,num_my_construction_sites,num_source_containers
6,0,3645000,59992,0,4,458,2300,2,1120,15000,0,0,0,0,0,0,0,0,0,9,640,0,1,1,2,852,0,0,0
6,0,3645000,59989,0,4,458,2300,2,1000,15000,0,0,0,0,0,0,0,0,0,9,760,0,1,1,2,852,0,0,0
6,0,3645000,59986,0,4,458,2300,2,900,15000,0,0,0,0,0,0,0,0,0,9,860,0,1,1,2,852,0,0,0
6,0,3645000,59984,0,4,458,2300,2,820,15000,0,0,0,0,0,0,0,0,0,9,940,1,1,1,2,832,0,0,0
6,0,3645000,59980,0,4,508,2300,2,660,15000,0,0,0,0,0,0,0,0,0,9,1050,1,1,1,2,752,0,0,0
6,0,3645000,59977,0,4,608,2300,2,540,15000,0,0,0,0,0,0,0,0,0,9,1070,1,1,1,2,692,0,0,0
6,0,3645000,59974,0,4,653,2300,2,420,15000,0,0,0,0,0,0,0,0,0,9,1145,1,1,1,2,632,0,0,0
6,10,3645000,60000,0,4,703,2300,2,340,15000,0,0,0,0,0,0,0,0,0,9,1165,0,1,1,2,592,0,0,0
6,10,3645000,60000,0,4,758,2300,2,260,15000,0,0,0,0,0,0,0,0,0,9,1160,0,1,1,2,592,0,0,0
6,20,3645000,60000,0,4,758,2300,2,200,15000,0,0,0,0,0,0,0,0,0,9,1180,0,1,0,2,592,0,0,0
6,20,3645000,60000,0,4,758,2300,2,200,15000,0,0,0,0,0,0,0,0,0,9,1100,0,1,0,2,592,0,0,0
6,20,3645000,60000,0,4,758,2300,2,200,15000,0,0,0,0,0,0,0,0,0,9,1040,0,1,0,2,592,0,0,0
6,20,3645000,60000,0,4,758,2300,2,200,15000,0,0,0,0,0,0,0,0,0,9,980,0,1,0,2,592,0,0,0
6,30,3645000,60000,0,4,758,2300,2,200,15000,0,0,0,0,0,0,0,0,0,9,930,0,1,0,2,592,0,0,0
6,30,3645000,60000,0,4,758,2300,2,200,15000,0,0,0,0,0,0,0,0,0,9,840,0,1,0,2,592,0,0,0
6,30,3645000,60000,0,4,758,2300,2,200,15000,0,0,0,0,0,0,0,0,0,9,750,0,1,0,2,592,0,0,0
6,30,3645000,60000,0,4,758,2300,2,180,15000,0,0,0,0,0,0,0,0,0,9,680,0,1,0,2,592,0,0,0
6,30,3645000,60000,0,4,758,2300,2,140,15000,0,0,0,0,0,0,0,0,0,9,660,0,1,0,2,592,0,0,0
6,20,3645000,60000,0,4,758,2300,2,80,15000,0,0,0,0,0,0,0,0,0,9,660,0,1,0,2,592,0,0,0
6,20,3645000,60000,0,4,758,2300,2,20,15000,0,0,0,0,0,0,0,0,0,9,660,0,1,0,2,592,0,0,0
6,10,3645000,60000,0,4,758,2300,2,0,15000,0,0,0,0,0,0,0,0,0,9,650,0,1,0,2,592,0,0,0
6,10,3645000,60000,0,4,1055,2300,2,0,15000,0,0,0,0,0,0,0,0,0,9,323,0,1,0,2,592,0,0,0
6,10,3645000,60000,0,4,1055,2300,2,0,15000,0,0,0,0,0,0,0,0,0,9,300,0,1,0,2,595,0,0,0
6,10,3645000,60000,0,4,1055,2300,2,0,15000,0,0,0,0,0,0,0,0,0,9,270,0,1,0,2,595,0,0,0
6,0,3645000,59997,0,4,1055,2300,2,0,15000,0,0,0,0,0,0,0,0,0,9,260,0,1,0,2,595,0,0,0
6,0,3645000,59994,0,4,1055,2300,2,3000,15000,0,0,0,0,0,0,0,0,0,9,260,0,1,0,2,595,0,0,0
6,0,3645000,59991,0,4,1055,2300,2,2760,15000,0,0,0,0,0,0,0,0,0,9,500,0,1,0,2,595,0,0,0
6,0,3645000,59989,0,4,1055,2300,2,2600,15000,0,0,0,0,0,0,0,0,0,9,660,0,1,0,2,595,0,0,0
6,0,3645000,59987,0,4,1055,2300,2,2440,15000,0,0,0,0,0,0,0,0,0,9,820,0,1,0,2,595,0,0,0
6,0,3645000,59984,0,4,1055,2300,2,2200,15000,0,0,0,0,0,0,0,0,0,9,1060,0,1,0,2,595,0,0,0
6,0,3645000,59981,0,4,1055,2300,2,1980,15000,0,0,0,0,0,0,0,0,0,9,1280,0,1,0,2,595,0,0,0
6,0,3645000,59978,0,4,1055,2300,2,1860,15000,0,0,0,0,0,0,0,0,0,9,1400,0,1,0,2,595,0,0,0
6,0,3645000,59975,0,4,1105,2300,2,1860,15000,0,0,0,0,0,0,0,0,0,9,1350,0,1,0,2,595,0,0,0
6,0,3645000,59972,0,4,1205,2300,2,1860,15000,0,0,0,0,0,0,0,0,0,9,1250,0,1,0,2,595,0,0,0
6,0,3645000,59970,0,4,1305,2300,2,1860,15000,0,0,0,0,0,0,0,0,0,9,1150,0,1,0,2,595,0,0,0
6,0,3645000,59966,0,4,1450,2300,2,1860,15000,0,0,0,0,0,0,0,0,0,9,1005,0,1,0,2,595,0,0,0
6,0,3645000,59963,0,4,1550,2300,2,1860,15000,0,0,0,0,0,0,0,0,0,9,905,0,1,0,2,595,0,0,0
6,0,3645000,59961,0,4,1600,2300,2,1860,15000,0,0,0,0,0,0,0,0,0,9,855,0,1,0,2,595,0,0,0
6,0,3645000,59958,0,4,1705,2300,2,1860,15000,0,0,0,0,0,0,0,0,0,9,750,0,1,0,2,595,0,0,0
6,10,3645000,60000,0,4,1805,2300,2,1860,15000,0,0,0,0,0,0,0,0,0,9,630,0,1,0,2,595,0,0,0
6,10,3645000,60000,0,4,1905,2300,2,1860,15000,0,0,0,0,0,0,0,0,0,10,500,0,1,0,2,595,0,0,0
6,10,3645000,60000,0,4,58,2300,2,1860,15000,0,0,0,0,0,0,0,0,0,10,420,0,1,1,2,595,0,0,0
6,10,3645000,60000,0,4,61,2300,2,1800,15000,0,0,0,0,0,0,0,0,0,10,450,0,1,1,2,595,0,0,0
6,10,3645000,60000,0,4,63,2300,2,1740,15000,0,0,0,0,0,0,0,0,0,10,490,0,1,1,2,595,0,0,0
6,10,3645000,60000,0,4,67,2300,2,1580,15000,0,0,0,0,0,0,0,0,0,10,610,0,1,1,2,595,0,0,0
6,10,3645000,60000,0,4,69,2300,2,1500,15000,0,0,0,0,0,0,0,0,0,10,670,0,1,1,2,595,0,0,0
6,10,3645000,60000,0,4,72,2300,2,1360,15000,0,0,0,0,0,0,0,0,0,10,780,0,1,1,2,595,0,0,0
6,10,3645000,60000,0,4,76,2300,2,1180,15000,0,0,0,0,0,0,0,0,0,10,920,0,1,1,2,595,0,0,0
6,10,3645000,60000,0,4,129,2300,2,1100,15000,0,0,0,0,0,0,0,0,0,10,920,0,1,1,2,595,0,0,0
6,0,3645000,59998,0,4,232,2300,2,1040,15000,0,0,0,0,0,0,0,0,0,10,870,0,1,1,2,595,0,0,0
6,0,3645000,59996,0,4,284,2300,2,1000,15000,0,0,0,0,0,0,0,0,0,10,860,0,1,1,2,595,0,0,0
6,0,3645000,59992,0,4,435,2300,2,960,15000,0,0,0,0,0,0,0,0,0,10,750,0,1,1,2,595,0,0,0
6,0,3645000,59989,0,4,535,2300,2,960,15000,0,0,0,0,0,0,0,0,0,10,650,0,1,1,2,595,0,0,0
6,0,3645000,59986,0,4,585,2300,2,960,15000,0,0,0,0,0,0,0,0,0,10,600,0,1,1,2,595,0,0,0
6,0,3645000,59984,0,4,685,2300,2,940,15000,0,0,0,0,0,0,0,0,0,10,520,0,1,1,2,595,0,0,0
6,0,3645000,59980,0,4,685,2300,2,860,15000,0,0,0,0,0,0,0,0,0,10,600,0,1,1,2,595,0,0,0
6,0,3645000,59978,0,4,785,2300,2,780,15000,0,0,0,0,0,0,0,0,0,10,580,0,1,1,2,595,0,0,0
6,0,3645000,59975,0,4,885,2300,2,660,15000,0,0,0,0,0,0,0,0,0,10,600,0,1,1,2,595,0,0,0
6,0,3645000,59972,0,4,935,2300,2,540,15000,0,0,0,0,0,0,0,0,0,10,670,0,1,1,2,595,0,0,0
6,0,3645000,59969,0,4,985,2300,2,420,15000,0,0,0,0,0,0,0,0,0,9,740,0,1,1,2,595,0,0,0
6,0,3645000,59966,0,4,985,2300,2,300,15000,0,0,0,0,0,0,0,0,0,9,860,0,1,1,2,595,0,0,0
6,0,3645000,59963,0,4,985,2300,2,220,15000,0,0,0,0,0,0,0,0,0,9,940,0,1,1,2,595,0,0,0
6,0,3645000,59960,0,4,985,2300,2,160,15000,0,0,0,0,0,0,0,0,0,9,1000,0,1,1,2,595,0,0,0
6,0,3645000,59957,0,4,985,2300,2,100,15000,0,0,0,0,0,0,0,0,0,9,1060,0,1,1,2,595,0,0,0
6,0,3645000,59955,0,4,1085,2300,2,20,15000,0,0,0,0,0,0,0,0,0,9,1040,0,1,1,2,595,0,0,0
6,0,3645000,59952,0,4,1185,2300,2,0,15000,0,0,0,0,0,0,0,0,0,9,960,0,1,1,2,595,0,0,0
6,0,3645000,59949,0,4,1285,2300,2,0,15000,0,0,0,0,0,0,0,0,0,9,860,0,1,1,2,595,0,0,0
6,0,3645000,59947,0,4,1285,2300,2,0,15000,0,0,0,0,0,0,0,0,0,9,860,0,1,1,2,595,0,0,0
6,10,3645000,60000,0,4,1285,2300,2,0,15000,0,0,0,0,0,0,0,0,0,9,840,0,1,1,2,595,0,0,0
6,10,3645000,60000,0,4,1285,2300,2,0,15000,0,0,0,0,0,0,0,0,0,9,820,0,1,1,2,595,0,0,0
6,10,3645000,60000,0,4,1385,2300,2,0,15000,0,0,0,0,0,0,0,0,0,9,680,0,1,0,2,595,0,0,0
6,10,3645000,60000,0,4,1485,2300,2,0,15000,0,0,0,0,0,0,0,0,0,9,550,0,1,0,2,595,0,0,0
6,10,3645000,60000,0,4,1535,2300,2,0,15000,0,0,0,0,0,0,0,0,0,9,470,0,1,0,2,595,0,0,0
6,10,3645000,60000,0,4,1535,2300,2,0,15000,0,0,0,0,0,0,0,0,0,9,460,0,1,0,2,595,0,0,0
6,10,3645000,60000,0,4,1585,2300,2,0,15000,0,0,0,0,0,0,0,0,0,9,390,0,1,0,2,595,0,0,0
6,10,3645000,60000,0,4,1585,2300,2,0,15000,0,0,0,0,0,0,0,0,0,9,360,0,1,0,2,595,0,0,0
6,10,3645000,60000,0,4,1585,2300,2,0,15000,0,0,0,0,0,0,0,0,0,9,330,0,1,0,2,595,0,0,0
6,10,3645000,60000,0,4,1585,2300,2,2760,15000,0,0,0,0,0,0,0,0,0,9,530,0,1,0,2,595,0,0,0
6,10,3645000,60000,0,4,1585,2300,2,2540,15000,0,0,0,0,0,0,0,0,0,9,720,0,1,0,2,595,0,0,0
6,0,3645000,59997,0,4,1585,2300,2,2360,15000,0,0,0,0,0,0,0,0,0,9,900,0,1,0,2,595,0,0,0
6,0,3645000,59994,0,4,1585,2300,2,2180,15000,0,0,0,0,0,0,0,0,0,9,1080,0,1,0,2,595,0,0,0
6,0,3645000,59990,0,4,1585,2300,2,2000,15000,0,0,0,0,0,0,0,0,0,9,1260,0,1,0,2,595,0,0,0
6,0,3645000,59987,0,4,1585,2300,2,2000,15000,0,0,0,0,0,0,0,0,0,9,1260,0,1,0,2,595,0,0,0
6,0,3645000,59984,0,4,1635,2300,2,2000,15000,0,0,0,0,0,0,0,0,0,9,1210,0,1,0,2,595,0,0,0
6,0,3645000,59981,0,4,1685,2300,2,2000,15000,0,0,0,0,0,0,0,0,0,9,1160,0,1,0,2,595,0,0,0
6,10,3645000,60000,0,4,1785,2300,2,2000,15000,0,0,0,0,0,0,0,0,0,9,1050,0,1,0,2,595,0,0,0
6,10,3645000,60000,0,4,1830,2300,2,2000,15000,0,0,0,0,0,0,0,0,0,9,985,0,1,0,2,595,0,0,0
6,20,3645000,60000,0,4,1885,2300,2,2000,15000,0,0,0,0,0,0,0,0,0,9,880,0,1,0,2,595,0,0,0
6,20,3645000,60000,0,4,1885,2300,2,2000,15000,0,0,0,0,0,0,0,0,0,9,800,0,1,0,2,595,0,0,0
6,20,3645000,60000,0,4,1885,2300,2,2000,15000,0,0,0,0,0,0,0,0,0,8,440,0,1,0,2,595,0,0,0
6,20,3645000,60000,0,4,1885,2300,2,2000,15000,0,0,0,0,0,0,0,0,0,8,380,0,1,0,2,595,0,0,0
6,20,3645000,60000,0,4,1885,2300,2,2000,15000,0,0,0,0,0,0,0,0,0,8,320,0,1,0,2,595,0,0,0
6,20,3645000,60000,0,4,1885,2300,2,2000,15000,0,0,0,0,0,0,0,0,0,8,240,0,1,0,2,595,0,0,0
6,20,3645000,60000,0,4,1885,2300,2,2000,15000,0,0,0,0,0,0,0,0,0,8,200,0,1,0,2,595,0,0,0
6,20,3645000,60000,0,4,1885,2300,2,2000,15000,0,0,0,0,0,0,0,0,0,8,120,0,1,0,2,595,0,0,0
6,10,3645000,60000,0,4,1885,2300,2,1940,15000,0,0,0,0,0,0,0,0,0,8,140,0,1,0,2,595,0,0,0
6,10,3645000,60000,0,4,1885,2300,2,1900,15000,0,0,0,0,0,0,0,0,0,8,160,0,1,0,2,595,0,0,0
6,0,3645000,59996,0,4,1885,2300,2,1820,15000,0,0,0,0,0,0,0,0,0,8,240,0,1,0,2,595,0,0,0
6,0,3645000,59993,0,4,1885,2300,2,1760,15000,0,0,0,0,0,0,0,0,0,8,300,0,1,0,2,595,0,0,0
6,0,3645000,59989,0,4,1885,2300,2,1620,15000,0,0,0,0,0,0,0,0,0,8,440,0,1,0,2,595,0,0,0
6,0,3645000,59986,0,4,1885,2300,2,1560,15000,0,0,0,0,0,0,0,0,0,8,500,0,1,0,2,595,0,0,0
6,0,3645000,59983,0,4,1885,2300,2,1460,15000,0,0,0,0,0,0,0,0,0,8,600,0,1,0,2,595,0,0,0
6,0,3645000,59980,0,4,1885,2300,2,1340,15000,0,0,0,0,0,0,0,0,0,8,720,0,1,0,2,595,0,0,0
6,0,3645000,59977,0,4,1885,2300,2,1240,15000,0,0,0,0,0,0,0,0,0,8,820,0,1,0,2,595,0,0,0
6,0,3645000,59973,0,4,1885,2300,2,1160,15000,0,0,0,0,0,0,0,0,0,8,900,0,1,0,2,595,0,0,0
6,0,3645000,59970,0,4,1885,2300,2,1100,15000,0,0,0,0,0,0,0,0,0,8,960,0,1,0,2,595,0,0,0
6,0,3645000,59967,0,4,36,2300,2,1100,15000,0,0,0,0,0,0,0,0,0,9,910,0,1,1,2,595,0,0,0
6,10,3645000,60000,0,4,155,2300,2,1100,15000,0,0,0,0,0,0,0,0,0,9,785,0,1,1,2,595,0,0,0
6,10,3645000,60000,0,4,208,2300,2,1100,15000,0,0,0,0,0,0,0,0,0,9,705,0,1,1,2,595,0,0,0
6,10,3645000,60000,0,4,296,2300,2,1100,15000,0,0,0,0,0,0,0,0,0,9,590,0,1,1,2,595,0,0,0
6,20,3645000,60000,0,4,299,2300,2,1100,15000,0,0,0,0,0,0,0,0,0,9,530,0,1,1,2,595,0,0,0
6,20,3645000,60000,0,4,300,2300,2,1100,15000,0,0,0,0,0,0,0,0,0,9,450,0,1,1,2,595,0,0,0
6,20,3645000,60000,0,4,300,2300,2,1100,15000,0,0,0,0,0,0,0,0,0,9,390,0,1,1,2,595,0,0,0
6,20,3645000,60000,0,4,300,2300,2,1100,15000,0,0,0,0,0,0,0,0,0,9,330,0,1,1,2,595,0,0,0
6,20,3645000,60000,0,4,300,2300,2,1100,15000,0,0,0,0,0,0,0,0,0,9,250,0,1,1,2,595,0,0,0
6,20,3645000,60000,0,4,300,2300,2,1100,15000,0,0,0,0,0,0,0,0,0,9,190,0,1,1,2,595,0,0,0
6,20,3645000,60000,0,4,300,2300,2,1100,15000,0,0,0,0,0,0,0,0,0,9,130,0,1,1,2,595,0,0,0
6,10,3645000,60000,0,4,300,2300,2,1080,15000,0,0,0,0,0,0,0,0,0,9,120,0,1,1,2,595,0,0,0
6,10,3645000,60000,0,4,300,2300,2,1000,15000,0,0,0,0,0,0,0,0,0,9,160,0,1,1,2,595,0,0,0
6,0,3645000,59997,0,4,300,2300,2,940,15000,0,0,0,0,0,0,0,0,0,9,220,0,1,1,2,595,0,0,0
6,0,3645000,59994,0,4,300,2300,2,880,15000,0,0,0,0,0,0,0,0,0,9,280,0,1,1,2,595,0,0,0
6,0,3645000,59991,0,4,300,2300,2,760,15000,0,0,0,0,0,0,0,0,0,9,400,0,1,1,2,595,0,0,0
6,0,3645000,59988,0,4,300,2300,2,680,15000,0,0,0,0,0,0,0,0,0,9,480,0,1,1,2,595,0,0,0
6,0,3645000,59985,0,4,300,2300,2,580,15000,0,0,0,0,0,0,0,0,0,9,580,0,1,1,2,595,0,0,0
6,0,3645000,59982,0,4,300,2300,2,3360,15000,0,0,0,0,0,0,0,0,0,9,800,0,1,1,2,595,0,0,0
6,0,3645000,59979,0,4,300,2300,2,2940,15000,0,0,0,0,0,0,0,0,0,9,1220,0,1,1,2,595,0,0,0
6,0,3645000,59975,0,4,300,2300,2,2460,15000,0,0,0,0,0,0,0,0,0,9,1700,0,1,1,2,595,0,0,0
6,0,3645000,59973,0,4,300,2300,2,2220,15000,0,0,0,0,0,0,0,0,0,9,1940,0,1,1,2,595,0,0,0
6,0,3645000,59970,0,4,350,2300,2,1920,15000,0,0,0,0,0,0,0,0,0,9,2190,0,1,1,2,595,0,0,0
6,0,3645000,59966,0,4,500,2300,2,1760,15000,0,0,0,0,0,0,0,0,0,9,2200,0,1,1,2,595,0,0,0
6,10,3645000,60000,0,4,700,2300,2,1760,15000,0,0,0,0,0,0,0,0,0,9,1980,0,1,1,2,595,0,0,0
6,10,3645000,60000,0,4,800,2300,2,1760,15000,0,0,0,0,0,0,0,0,0,9,1850,0,1,1,2,595,0,0,0
6,10,3645000,60000,0,4,950,2300,2,1760,15000,0,0,0,0,0,0,0,0,0,9,1670,0,1,0,2,595,0,0,0
6,20,3645000,60000,0,4,1050,2300,2,1760,15000,0,0,0,0,0,0,0,0,0,9,1510,0,1,0,2,595,0,0,0
6,20,3645000,60000,0,4,1100,2300,2,1760,15000,0,0,0,0,0,0,0,0,0,9,1420,0,1,0,2,595,0,0,0
6,20,3645000,60000,0,4,1250,2300,2,1760,15000,0,0,0,0,0,0,0,0,0,9,1210,0,1,0,2,595,0,0,0
6,20,3645000,60000,0,4,1350,2300,2,1700,15000,0,0,0,0,0,0,0,0,0,9,1110,0,1,0,2,595,0,0,0
6,30,3645000,60000,0,4,1400,2300,2,1640,15000,0,0,0,0,0,0,0,0,0,9,1030,0,1,0,2,595,0,0,0
6,30,3645000,60000,0,4,1500,2300,2,1560,15000,0,0,0,0,0,0,0,0,0,9,950,0,1,0,2,595,0,0,0
6,40,3645000,60000,0,4,1500,2300,2,1440,15000,0,0,0,0,0,0,0,0,0,9,950,0,1,0,2,595,0,0,0
6,40,3645000,60000,0,4,1500,2300,2,1340,15000,0,0,0,0,0,0,0,0,0,9,970,0,1,0,2,595,0,0,0
6,30,3645000,60000,0,4,1500,2300,2,1180,15000,0,0,0,0,0,0,0,0,0,9,1030,0,1,0,2,595,0,0,0
6,30,3645000,60000,0,4,1500,2300,2,1140,15000,0,0,0,0,0,0,0,0,0,9,1010,0,1,0,2,595,0,0,0
6,30,3645000,60000,0,4,1500,2300,2,1080,15000,0,0,0,0,0,0,0,0,0,9,980,0,1,0,2,595,0,0,0
6,20,3645000,60000,0,4,1500,2300,2,960,15000,0,0,0,0,0,0,0,0,0,9,1030,0,1,0,2,595,0,0,0
6,20,3645000,60000,0,4,1500,2300,2,840,15000,0,0,0,0,0,0,0,0,0,9,1090,0,1,0,2,595,0,0,0
6,20,3645000,60000,0,4,1550,2300,2,800,15000,0,0,0,0,0,0,0,0,0,9,1040,0,1,0,2,595,0,0,0
6,20,3645000,60000,0,4,1650,2300,2,740,15000,0,0,0,0,0,0,0,0,0,9,940,0,1,0,2,595,0,0,0
6,10,3645000,60000,0,4,1750,2300,2,680,15000,0,0,0,0,0,0,0,0,0,9,860,0,1,0,2,595,0,0,0
6,0,3645000,59999,0,4,1800,2300,2,660,15000,0,0,0,0,0,0,0,0,0,9,800,0,1,0,2,595,0,0,0
6,0,3645000,59997,0,4,1850,2300,2,660,15000,0,0,0,0,0,0,0,0,0,9,750,0,1,0,2,595,0,0,0
6,0,3645000,59993,0,4,201,2300,2,660,15000,0,0,0,0,0,0,0,0,0,10,500,0,1,1,2,595,0,0,0
6,0,3645000,59990,0,4,352,2300,2,660,15000,0,0,0,0,0,0,0,0,0,10,350,0,1,1,2,595,0,0,0
6,0,3645000,59987,0,4,402,2300,2,600,15000,0,0,0,0,0,0,0,0,0,10,360,0,1,1,2,595,0,0,0
6,0,3645000,59985,0,4,502,2300,2,540,15000,0,0,0,0,0,0,0,0,0,10,320,0,1,1,2,595,0,0,0
6,0,3645000,59982,0,4,502,2300,2,420,15000,0,0,0,0,0,0,0,0,0,10,440,0,1,1,2,595,0,0,0
6,0,3645000,59979,0,4,502,2300,2,300,15000,0,0,0,0,0,0,0,0,0,10,560,0,1,1,2,595,0,0,0
6,0,3645000,59976,0,4,502,2300,2,120,15000,0,0,0,0,0,0,0,0,0,10,740,0,1,1,2,595,0,0,0
6,0,3645000,59974,0,4,502,2300,2,20,15000,0,0,0,0,0,0,0,0,0,10,840,0,1,1,2,595,0,0,0
6,0,3645000,59971,0,4,502,2300,2,0,15000,0,0,0,0,0,0,0,0,0,10,860,0,1,1,2,595,0,0,0
6,0,3645000,59968,0,4,502,2300,2,0,15000,0,0,0,0,0,0,0,0,0,10,860,0,1,1,2,595,0,0,0
6,0,3645000,59965,0,4,502,2300,2,0,15000,0,0,0,0,0,0,0,0,0,10,860,0,1,1,2,595,0,0,0
6,0,3645000,59963,0,4,502,2300,2,0,15000,0,0,0,0,0,0,0,0,0,10,860,0,1,1,2,595,0,0,0
6,0,3645000,59960,0,4,502,2300,2,0,15000,0,0,0,0,0,0,0,0,0,10,860,0,1,1,2,595,0,0,0
6,10,3645000,60000,0,4,502,2300,2,0,15000,0,0,0,0,0,0,0,0,0,10,830,0,1,1,2,595,0,0,0
6,10,3645000,60000,0,4,502,2300,2,0,15000,0,0,0,0,0,0,0,0,0,10,800,0,1,1,2,595,0,0,0
6,10,3645000,60000,0,4,502,2300,2,0,15000,0,0,0,0,0,0,0,0,0,10,770,0,1,1,2,595,0,0,0
6,10,3645000,60000,0,4,502,2300,2,0,15000,0,0,0,0,0,0,0,0,0,10,740,0,1,1,2,595,0,0,0
6,10,3645000,60000,0,4,502,2300,2,0,15000,0,0,0,0,0,0,0,0,0,10,710,0,1,1,2,595,0,0,0
6,10,3645000,60000,0,4,502,2300,2,0,15000,0,0,0,0,0,0,0,0,0,9,480,0,1,1,2,595,0,0,0
6,10,3645000,60000,0,4,502,2300,2,0,15000,0,0,0,0,0,0,0,0,0,9,450,0,1,1,2,595,0,0,0
6,10,3645000,60000,0,4,502,2300,2,0,15000,0,0,0,0,0,0,0,0,0,9,430,0,1,1,2,595,0,0,0
6,10,3645000,60000,0,4,502,2300,2,0,15000,0,0,0,0,0,0,0,0,0,9,400,0,1,1,2,595,0,0,0
6,10,3645000,60000,0,4,502,2300,2,0,15000,0,0,0,0,0,0,0,0,0,9,370,0,1,1,2,595,0,0,0
6,0,3645000,59999,0,4,502,2300,2,0,15000,0,0,0,0,0,0,0,0,0,9,360,0,1,1,2,595,0,0,0
6,0,3645000,59995,0,4,502,2300,2,2940,15000,0,0,0,0,0,0,0,0,0,9,420,0,1,1,2,595,0,0,0
6,0,3645000,59992,0,4,502,2300,2,2760,15000,0,0,0,0,0,0,0,0,0,9,600,0,1,1,2,595,0,0,0
6,0,3645000,59989,0,4,502,2300,2,2580,15000,0,0,0,0,0,0,0,0,0,9,780,0,1,1,2,595,0,0,0
6,0,3645000,59986,0,4,502,2300,2,2400,15000,0,0,0,0,0,0,0,0,0,9,960,0,1,1,2,595,0,0,0
6,0,3645000,59983,0,4,502,2300,2,2220,15000,0,0,0,0,0,0,0,0,0,9,1140,0,1,1,2,595,0,0,0
6,0,3645000,59979,0,4,502,2300,2,2100,15000,0,0,0,0,0,0,0,0,0,9,1260,0,1,0,2,595,0,0,0
6,0,3645000,59977,0,4,502,2300,2,2100,15000,0,0,0,0,0,0,0,0,0,9,1260,0,1,0,2,595,0,0,0
6,0,3645000,59973,0,4,502,2300,2,2100,15000,0,0,0,0,0,0,0,0,0,9,1260,0,1,0,2,595,0,0,0
6,0,3645000,59970,0,4,502,2300,2,2100,15000,0,0,0,0,0,0,0,0,0,9,1260,0,1,0,2,595,0,0,0
6,0,3645000,59967,0,4,502,2300,2,2100,15000,0,0,0,0,0,0,0,0,0,9,1260,0,1,0,2,595,0,0,0
6,0,3645000,59964,0,4,502,2300,2,2100,15000,0,0,0,0,0,0,0,0,0,9,1260,0,1,0,2,595,0,0,0
6,0,3645000,59961,0,4,502,2300,2,2100,15000,0,0,0,0,0,0,0,0,0,9,1260,0,1,0,2,595,0,0,0
6,10,3645000,60000,0,4,502,2300,2,2100,15000,0,0,0,0,0,0,0,0,0,9,1230,0,1,0,2,595,0,0,0
6,20,3645000,60000,0,4,502,2300,2,2060,15000,0,0,0,0,0,0,0,0,0,9,1220,0,1,0,2,595,0,0,0
6,20,3645000,60000,0,4,502,2300,2,2000,15000,0,0,0,0,0,0,0,0,0,9,1220,0,1,0,2,595,0,0,0
6,20,3645000,60000,0,4,800,2300,2,1940,15000,0,0,0,0,0,0,0,0,0,9,920,0,1,0,2,597,0,0,0
6,20,3645000,60000,0,4,800,2300,2,1880,15000,0,0,0,0,0,0,0,0,0,9,920,0,1,0,2,597,0,0,0
6,20,3645000,60000,0,4,800,2300,2,1820,15000,0,0,0,0,0,0,0,0,0,9,920,0,1,0,2,597,0,0,0
6,20,3645000,60000,0,4,800,2300,2,1800,15000,0,0,0,0,0,0,0,0,0,9,880,0,1,0,2,597,0,0,0
6,20,3645000,60000,0,4,800,2300,2,1800,15000,0,0,0,0,0,0,0,0,0,9,820,0,1,0,2,597,0,0,0
6,20,3645000,60000,0,4,800,2300,2,1800,15000,0,0,0,0,0,0,0,0,0,9,760,0,1,0,2,597,0,0,0
6,10,3645000,60000,0,4,800,2300,2,1800,15000,0,0,0,0,0,0,0,0,0,9,690,0,1,0,2,597,0,0,0
6,10,3645000,60000,0,4,800,2300,2,1800,15000,0,0,0,0,0,0,0,0,0,9,670,0,1,0,2,597,0,0,0
6,10,3645000,60000,0,4,800,2300,2,1800,15000,0,0,0,0,0,0,0,0,0,9,670,0,1,0,2,597,0,0,0
6,10,3645000,60000,0,4,800,2300,2,1800,15000,0,0,0,0,0,0,0,0,0,9,670,0,1,0,2,597,0,0,0
6,10,3645000,60000,0,4,800,2300,2,1800,15000,0,0,0,0,0,0,0,0,0,9,670,0,1,0,2,597,0,0,0
6,10,3645000,60000,0,4,800,2300,2,1800,15000,0,0,0,0,0,0,0,0,0,9,670,0,1,0,2,597,0,0,0
6,10,3645000,60000,0,4,800,2300,2,1800,15000,0,0,0,0,0,0,0,0,0,9,670,0,1,0,2,597,0,0,0
6,10,3645000,60000,0,4,800,2300,2,1800,15000,0,0,0,0,0,0,0,0,0,9,670,0,1,0,2,597,0,0,0
6,10,3645000,60000,0,4,800,2300,2,1800,15000,0,0,0,0,0,0,0,0,0,9,670,0,1,0,2,597,0,0,0
6,10,3645000,60000,0,4,800,2300,2,1800,15000,0,0,0,0,0,0,0,0,0,9,670,0,1,0,2,597,0,0,0
6,10,3645000,60000,0,4,800,2300,2,1800,15000,0,0,0,0,0,0,0,0,0,9,670,0,1,0,2,597,0,0,0
6,10,3645000,60000,0,4,800,2300,2,1800,15000,0,0,0,0,0,0,0,0,0,9,670,0,1,0,2,597,0,0,0
6,10,3645000,60000,0,4,800,2300,2,1800,15000,0,0,0,0,0,0,0,0,0,9,670,0,1,0,2,597,0,0,0
6,10,3645000,60000,0,4,800,2300,2,1800,15000,0,0,0,0,0,0,0,0,0,9,670,0,1,0,2,597,0,0,0
6,10,3645000,60000,0,4,800,2300,2,1800,15000,0,0,0,0,0,0,0,0,0,9,670,0,1,0,2,597,0,0,0
6,10,3645000,60000,0,4,800,2300,2,1800,15000,0,0,0,0,0,0,0,0,0,9,670,0,1,0,2,597,0,0,0
6,10,3645000,60000,0,4,800,2300,2,1800,15000,0,0,0,0,0,0,0,0,0,9,670,0,1,0,2,597,0,0,0
6,10,3645000,60000,0,4,800,2300,2,1800,15000,0,0,0,0,0,0,0,0,0,9,670,0,1,0,2,597,0,0,0
6,10,3645000,60000,0,4,800,2300,2,1800,15000,0,0,0,0,0,0,0,0,0,9,670,0,1,0,2,597,0,0,0
6,10,3645000,60000,0,4,800,2300,2,1800,15000,0,0,0,0,0,0,0,0,0,9,670,0,1,0,2,597,0,0,0
6,0,3645000,59948,0,4,800,2300,2,1800,15000,0,0,0,0,0,0,0,0,0,9,660,0,1,0,2,597,0,0,0
6,10,3645000,60000,0,4,800,2300,2,1760,15000,0,0,0,0,0,0,0,0,0,9,680,0,1,0,2,597,0,0,0
6,10,3645000,60000,0,4,800,2300,2,1680,15000,0,0,0,0,0,0,0,0,0,9,720,0,1,0,2,597,0,0,0
6,10,3645000,60000,0,4,800,2300,2,1640,15000,0,0,0,0,0,0,0,0,0,9,740,0,1,0,2,597,0,0,0
6,10,3645000,60000,0,4,800,2300,2,1480,15000,0,0,0,0,0,0,0,0,0,9,860,0,1,0,2,597,0,0,0
6,10,3645000,60000,0,4,800,2300,2,1320,15000,0,0,0,0,0,0,0,0,0,9,990,0,1,0,2,597,0,0,0
6,10,3645000,60000,0,4,800,2300,2,1240,15000,0,0,0,0,0,0,0,0,0,9,1050,0,1,0,2,597,0,0,0
6,10,3645000,60000,0,4,800,2300,2,1120,15000,0,0,0,0,0,0,0,0,0,9,1140,0,1,0,2,597,0,0,0
6,10,3645000,60000,0,4,800,2300,2,1040,15000,0,0,0,0,0,0,0,0,0,9,1200,0,1,0,2,597,0,0,0
6,10,3645000,60000,0,4,800,2300,2,960,15000,0,0,0,0,0,0,0,0,0,9,1250,0,1,0,2,597,0,0,0
6,10,3645000,60000,0,4,800,2300,2,900,15000,0,0,0,0,0,0,0,0,0,9,1280,0,1,0,2,597,0,0,0
6,0,3645000,59999,0,4,800,2300,2,900,15000,0,0,0,0,0,0,0,0,0,9,1260,0,1,0,2,597,0,0,0
6,0,3645000,59996,0,4,800,2300,2,3800,15000,0,0,0,0,0,0,0,0,0,9,1360,0,1,0,2,597,0,0,0
6,0,3645000,59993,0,4,800,2300,2,3520,15000,0,0,0,0,0,0,0,0,0,9,1640,0,1,0,2,597,0,0,0
6,10,3645000,60000,0,4,800,2300,2,3280,15000,0,0,0,0,0,0,0,0,0,9,1850,0,1,0,2,597,0,0,0
6,10,3645000,60000,0,4,800,2300,2,3020,15000,0,0,0,0,0,0,0,0,0,9,2080,0,1,0,2,597,0,0,0
6,20,3645000,60000,0,4,900,2300,2,2700,15000,0,0,0,0,0,0,0,0,0,9,1930,0,1,0,2,877,0,0,0
6,20,3645000,60000,0,4,950,2300,2,2620,15000,0,0,0,0,0,0,0,0,0,9,1920,0,1,0,2,857,0,0,0
6,20,3645000,60000,0,4,1050,2300,2,2560,15000,0,0,0,0,0,0,0,0,0,9,1820,0,1,0,2,857,0,0,0
6,20,3645000,60000,0,4,1100,2300,2,2500,15000,0,0,0,0,0,0,0,0,0,9,1770,0,1,0,2,857,0,0,0
6,20,3645000,60000,0,4,1100,2300,2,2460,15000,0,0,0,0,0,0,0,0,0,9,1750,0,1,0,2,857,0,0,0
6,20,3645000,60000,0,4,1100,2300,2,2460,15000,0,0,0,0,0,0,0,0,0,9,1710,0,1,0,2,857,0,0,0
6,20,3645000,60000,0,4,1150,2300,2,2460,15000,0,0,0,0,0,0,0,0,0,8,1560,0,1,0,2,857,0,0,0
6,20,3645000,60000,0,4,1300,2300,2,2400,15000,0,0,0,0,0,0,0,0,0,8,1420,0,1,0,2,857,0,0,0
6,30,3645000,60000,0,4,1400,2300,2,2340,15000,0,0,0,0,0,0,0,0,0,8,1300,0,1,0,2,857,0,0,0
6,40,3645000,60000,0,4,1550,2300,2,2260,15000,0,0,0,0,0,0,0,0,0,8,1150,0,1,0,2,857,0,0,0
6,30,3645000,60000,0,4,1650,2300,2,2140,15000,0,0,0,0,0,0,0,0,0,8,1060,0,1,0,2,857,0,0,0
6,30,3645000,60000,0,4,1700,2300,2,2020,15000,0,0,0,0,0,0,0,0,0,8,1040,0,1,0,2,857,0,0,0
6,30,3645000,60000,0,4,1700,2300,2,1920,15000,0,0,0,0,0,0,0,0,0,8,1020,0,1,0,2,857,0,0,0
6,30,3645000,60000,0,4,1700,2300,2,1820,15000,0,0,0,0,0,0,0,0,0,8,1030,0,1,0,2,857,0,0,0
6,30,3645000,60000,0,4,1700,2300,2,1740,15000,0,0,0,0,0,0,0,0,0,8,1020,0,1,0,2,857,0,0,0
6,30,3645000,60000,0,4,1700,2300,2,1600,15000,0,0,0,0,0,0,0,0,0,8,1070,0,1,0,2,857,0,0,0
6,30,3645000,60000,0,4,1850,2300,2,1420,15000,0,0,0,0,0,0,0,0,0,8,1010,0,1,0,2,857,0,0,0
6,20,3645000,60000,0,4,1,2300,2,1240,15000,0,0,0,0,0,0,0,0,0,9,1060,0,1,1,2,857,0,0,0
6,10,3645000,60000,0,4,104,2300,2,1100,15000,0,0,0,0,0,0,0,0,0,9,1060,0,1,1,2,857,0,0,0
6,0,3645000,59997,0,4,107,2300,2,1000,15000,0,0,0,0,0,0,0,0,0,9,1160,0,1,1,2,857,0,0,0
6,0,3645000,59994,0,4,160,2300,2,960,15000,0,0,0,0,0,0,0,0,0,9,1150,0,1,1,2,857,0,0,0
6,0,3645000,59991,0,4,263,2300,2,960,15000,0,0,0,0,0,0,0,0,0,9,1050,0,1,1,2,857,0,0,0
6,0,3645000,59988,0,4,315,2300,2,960,15000,0,0,0,0,0,0,0,0,0,9,1000,0,1,1,2,857,0,0,0
6,0,3645000,59985,0,4,415,2300,2,920,15000,0,0,0,0,0,0,0,0,0,9,940,0,1,1,2,857,0,0,0
6,10,3645000,60000,0,4,515,2300,2,880,15000,0,0,0,0,0,0,0,0,0,9,860,0,1,1,2,857,0,0,0
6,10,3645000,60000,0,4,565,2300,2,760,15000,0,0,0,0,0,0,0,0,0,9,590,0,1,1,2,1127,0,0,0
6,10,3645000,60000,0,4,665,2300,2,640,15000,0,0,0,0,0,0,0,0,0,9,580,0,1,1,2,1097,0,0,0
6,10,3645000,60000,0,4,715,2300,2,540,15000,0,0,0,0,0,0,0,0,0,9,610,0,1,1,2,1077,0,0,0
6,10,3645000,60000,0,4,715,2300,2,380,15000,0,0,0,0,0,0,0,0,0,9,740,0,1,1,2,1047,0,0,0
6,10,3645000,60000,0,4,715,2300,2,340,15000,0,0,0,0,0,0,0,0,0,9,770,0,1,1,2,1037,0,0,0
6,10,3645000,60000,0,4,715,2300,2,160,15000,0,0,0,0,0,0,0,0,0,9,920,0,1,1,2,1007,0,0,0
6,10,3645000,60000,0,4,715,2300,2,20,15000,0,0,0,0,0,0,0,0,0,9,1030,0,1,1,2,987,0,0,0
6,10,3645000,60000,0,4,715,2300,2,0,15000,0,0,0,0,0,0,0,0,0,9,1020,0,1,1,2,987,0,0,0
6,10,3645000,60000,0,4,715,2300,2,0,15000,0,0,0,0,0,0,0,0,0,9,990,0,1,1,2,987,0,0,0
6,20,3645000,60000,0,4,715,2300,2,0,15000,0,0,0,0,0,0,0,0,0,9,960,0,1,1,2,987,0,0,0
6,10,3645000,60000,0,4,815,2300,2,0,15000,0,0,0,0,0,0,0,0,0,9,810,0,1,1,2,987,0,0,0
6,10,3645000,60000,0,4,865,2300,2,0,15000,0,0,0,0,0,0,0,0,0,9,740,0,1,1,2,987,0,0,0
6,10,3645000,60000,0,4,965,2300,2,0,15000,0,0,0,0,0,0,0,0,0,9,600,0,1,1,2,987,0,0,0
6,10,3645000,60000,0,4,1015,2300,2,0,15000,0,0,0,0,0,0,0,0,0,9,520,0,1,1,2,987,0,0,0
6,10,3645000,60000,0,4,1015,2300,2,0,15000,0,0,0,0,0,0,0,0,0,9,490,0,1,1,2,987,0,0,0
6,10,3645000,60000,0,4,1015,2300,2,0,15000,0,0,0,0,0,0,0,0,0,9,470,0,1,1,2,987,0,0,0
6,10,3645000,60000,0,4,1015,2300,2,0,15000,0,0,0,0,0,0,0,0,0,9,430,0,1,1,2,987,0,0,0
6,10,3645000,60000,0,4,1015,2300,2,0,15000,0,0,0,0,0,0,0,0,0,9,400,0,1,1,2,987,0,0,0
6,10,3645000,60000,0,4,1015,2300,2,0,15000,0,0,0,0,0,0,0,0,0,9,380,0,1,1,2,987,0,0,0
6,0,3645000,59999,0,4,1015,2300,2,0,15000,0,0,0,0,0,0,0,0,0,9,360,0,1,1,2,987,0,0,0
6,0,3645000,59996,0,4,1015,2300,2,0,15000,0,0,0,0,0,0,0,0,0,9,360,0,1,1,2,987,0,0,0
6,0,3645000,59994,0,4,1015,2300,2,3000,15000,0,0,0,0,0,0,0,0,0,9,360,0,1,1,2,987,0,0,0
6,0,3645000,59991,0,4,365,2300,2,2820,15000,0,0,0,0,0,0,0,0,0,10,540,0,1,1,2,987,0,0,0
6,0,3645000,59988,0,4,365,2300,2,2640,15000,0,0,0,0,0,0,0,0,0,10,720,0,1,1,2,987,0,0,0
6,0,3645000,59985,0,4,365,2300,2,2460,15000,0,0,0,0,0,0,0,0,0,10,900,0,1,0,2,987,0,0,0
6,0,3645000,59983,0,4,365,2300,2,2340,15000,0,0,0,0,0,0,0,0,0,10,1020,0,1,0,2,987,0,0,0
6,0,3645000,59980,0,4,365,2300,2,2160,15000,0,0,0,0,0,0,0,0,0,10,1200,0,1,0,2,987,0,0,0
6,0,3645000,59977,0,4,365,2300,2,2100,15000,0,0,0,0,0,0,0,0,0,10,1260,0,1,0,2,987,0,0,0
6,0,3645000,59974,0,4,365,2300,2,2100,15000,0,0,0,0,0,0,0,0,0,10,1260,1,1,0,2,947,0,0,0
6,0,3645000,59971,0,4,365,2300,2,2100,15000,0,0,0,0,0,0,0,0,0,10,1260,1,1,0,2,887,0,0,0
6,0,3645000,59968,0,4,365,2300,2,2080,15000,0,0,0,0,0,0,0,0,0,10,1280,1,1,0,2,827,0,0,0
6,10,3645000,60000,0,4,365,2300,2,2022,15000,0,0,0,0,0,0,0,0,0,9,1318,1,1,0,2,767,0,0,0
6,10,3645000,60000,0,4,365,2300,2,1970,15000,0,0,0,0,0,0,0,0,0,9,1340,1,1,0,2,707,0,0,0
6,10,3645000,60000,0,4,365,2300,2,1938,15000,0,0,0,0,0,0,0,0,0,9,1352,1,1,0,2,667,0,0,0
6,20,3645000,60000,0,4,365,2300,2,1890,15000,0,0,0,0,0,0,0,0,0,9,1360,0,1,0,2,647,0,0,0
6,20,3645000,60000,0,4,365,2300,2,1842,15000,0,0,0,0,0,0,0,0,0,9,1348,0,1,0,2,647,0,0,0
6,20,3645000,60000,0,4,365,2300,2,1794,15000,0,0,0,0,0,0,0,0,0,9,1330,0,1,0,2,647,0,0,0
6,20,3645000,60000,0,4,365,2300,2,1794,15000,0,0,0,0,0,0,0,0,0,9,1270,0,1,0,2,647,0,0,0
6,20,3645000,60000,0,4,365,2300,2,1794,15000,0,0,0,0,0,0,0,0,0,9,1230,0,1,0,2,647,0,0,0
6,20,3645000,60000,0,4,365,2300,2,1794,15000,0,0,0,0,0,0,0,0,0,9,1170,0,1,0,2,647,0,0,0
6,20,3645000,60000,0,4,365,2300,2,1794,15000,0,0,0,0,0,0,0,0,0,9,810,0,1,0,2,947,0,0,0
6,20,3645000,60000,0,4,365,2300,2,1794,15000,0,0,0,0,0,0,0,0,0,9,750,0,1,0,2,917,0,0,0
6,10,3645000,60000,0,4,365,2300,2,1794,15000,0,0,0,0,0,0,0,0,0,9,720,0,1,0,2,887,0,0,0
6,10,3645000,60000,0,4,365,2300,2,1794,15000,0,0,0,0,0,0,0,0,0,9,690,0,1,0,2,857,0,0,0
6,10,3645000,60000,0,4,415,2300,2,1794,15000,0,0,0,0,0,0,0,0,0,9,610,0,1,0,2,827,0,0,0
6,0,3645000,59998,0,4,515,2300,2,1794,15000,0,0,0,0,0,0,0,0,0,9,510,0,1,0,2,817,0,0,0
6,0,3645000,59996,0,4,565,2300,2,1774,15000,0,0,0,0,0,0,0,0,0,9,480,0,1,0,2,817,0,0,0
6,0,3645000,59993,0,4,665,2300,2,1714,15000,0,0,0,0,0,0,0,0,0,10,440,0,1,0,2,817,0,0,0
6,0,3645000,59990,0,4,18,2300,2,1654,15000,0,0,0,0,0,0,0,0,0,10,500,0,1,1,2,817,0,0,0
6,0,3645000,59987,0,4,21,2300,2,1594,15000,0,0,0,0,0,0,0,0,0,10,560,0,1,0,2,817,0,0,0
6,0,3645000,59985,0,4,23,2300,2,1514,15000,0,0,0,0,0,0,0,0,0,10,640,0,1,0,2,817,0,0,0
6,0,3645000,59981,0,4,27,2300,2,1374,15000,0,0,0,0,0,0,0,0,0,10,780,0,1,0,2,817,0,0,0
6,0,3645000,59978,0,4,30,2300,2,1254,15000,0,0,0,0,0,0,0,0,0,10,900,0,1,0,2,817,0,0,0
6,0,3645000,59975,0,4,33,2300,2,1134,15000,0,0,0,0,0,0,0,0,0,10,1020,0,1,0,2,817,0,0,0
6,0,3645000,59972,0,4,36,2300,2,982,15000,0,0,0,0,0,0,0,0,0,9,1032,0,1,0,2,817,0,0,0
6,0,3645000,59969,0,4,39,2300,2,874,15000,0,0,0,0,0,0,0,0,0,9,1140,0,1,0,2,817,0,0,0
6,10,3645000,60000,0,4,41,2300,2,802,15000,0,0,0,0,0,0,0,0,0,9,1192,0,1,0,2,817,0,0,0
6,10,3645000,60000,0,4,43,2300,2,750,15000,0,0,0,0,0,0,0,0,0,8,1224,0,1,0,2,817,0,0,0
6,10,3645000,60000,0,4,46,2300,2,702,15000,0,0,0,0,0,0,0,0,0,8,1242,0,1,0,2,817,0,0,0
6,10,3645000,60000,0,4,49,2300,2,654,15000,0,0,0,0,0,0,0,0,0,8,1260,0,1,0,2,817,0,0,0
6,20,3645000,60000,0,4,52,2300,2,606,15000,0,0,0,0,0,0,0,0,0,8,1258,0,1,0,2,817,0,0,0
6,20,3645000,60000,0,4,55,2300,2,590,15000,0,0,0,0,0,0,0,0,0,8,1210,0,1,0,2,817,0,0,0
6,20,3645000,60000,0,4,58,2300,2,590,15000,0,0,0,0,0,0,0,0,0,8,1150,0,1,0,2,817,0,0,0
6,20,3645000,60000,0,4,62,2300,2,590,15000,0,0,0,0,0,0,0,0,0,8,1070,0,1,0,2,817,0,0,0
6,20,3645000,60000,0,4,64,2300,2,590,15000,0,0,0,0,0,0,0,0,0,8,1030,0,1,0,2,817,0,0,0
6,20,3645000,60000,0,4,67,2300,2,590,15000,0,0,0,0,0,0,0,0,0,8,970,0,1,0,2,817,0,0,0
6,10,3645000,60000,0,4,70,2300,2,590,15000,0,0,0,0,0,0,0,0,0,8,920,0,1,0,2,817,0,0,0
6,10,3645000,60000,0,4,123,2300,2,590,15000,0,0,0,0,0,0,0,0,0,8,840,0,1,0,2,817,0,0,0
6,10,3645000,60000,0,4,465,2300,2,590,15000,0,0,0,0,0,0,0,0,0,8,400,0,1,0,2,876,0,0,0
6,10,3645000,60000,0,4,500,2300,2,590,15000,0,0,0,0,0,0,0,0,0,8,345,0,1,0,2,876,0,0,0
6,0,3645000,59997,0,4,615,2300,2,550,15000,0,0,0,0,0,0,0,0,0,8,260,0,1,0,2,876,0,0,0
6,0,3645000,59994,0,4,615,2300,2,490,15000,0,0,0,0,0,0,0,0,0,8,320,0,1,0,2,876,0,0,0
6,0,3645000,59991,0,4,615,2300,2,430,15000,0,0,0,0,0,0,0,0,0,8,380,0,1,0,2,876,0,0,0
6,0,3645000,59988,0,4,615,2300,2,370,15000,0,0,0,0,0,0,0,0,0,8,440,0,1,0,2,876,0,0,0
6,0,3645000,59985,0,4,615,2300,2,270,15000,0,0,0,0,0,0,0,0,0,8,540,0,1,0,2,876,0,0,0
6,0,3645000,59981,0,4,615,2300,2,2930,15000,0,0,0,0,0,0,0,0,0,8,880,0,1,0,2,876,0,0,0
6,0,3645000,59979,0,4,615,2300,2,2750,15000,0,0,0,0,0,0,0,0,0,8,1060,0,1,0,2,876,0,0,0
6,0,3645000,59975,0,4,615,2300,2,2380,15000,0,0,0,0,0,0,0,0,0,8,1430,0,1,0,2,876,0,0,0
6,0,3645000,59972,0,4,615,2300,2,2200,15000,0,0,0,0,0,0,0,0,0,8,1610,0,1,0,2,876,0,0,0
6,10,3645000,60000,0,4,615,2300,2,2020,15000,0,0,0,0,0,0,0,0,0,8,1770,0,1,0,2,876,0,0,0
6,10,3645000,60000,0,4,615,2300,2,2020,15000,0,0,0,0,0,0,0,0,0,8,1740,0,1,0,2,876,0,0,0
6,10,3645000,60000,0,4,665,2300,2,2020,15000,0,0,0,0,0,0,0,0,0,8,1650,0,1,0,2,876,0,0,0
6,10,3645000,60000,0,4,765,2300,2,2020,15000,0,0,0,0,0,0,0,0,0,8,1520,0,1,0,2,876,0,0,0
6,20,3645000,60000,0,4,915,2300,2,2020,15000,0,0,0,0,0,0,0,0,0,8,1310,0,1,0,2,876,0,0,0
6,20,3645000,60000,0,4,1065,2300,2,2020,15000,0,0,0,0,0,0,0,0,0,8,1100,0,1,0,2,876,0,0,0
6,20,3645000,60000,0,4,1165,2300,2,2020,15000,0,0,0,0,0,0,0,0,0,8,940,0,1,0,2,876,0,0,0
6,20,3645000,60000,0,4,1215,2300,2,2020,15000,0,0,0,0,0,0,0,0,0,8,830,0,1,0,2,876,0,0,0
6,20,3645000,60000,0,4,1215,2300,2,2000,15000,0,0,0,0,0,0,0,0,0,8,790,0,1,0,2,876,0,0,0
6,30,3645000,60000,0,4,1215,2300,2,1940,15000,0,0,0,0,0,0,0,0,0,8,780,0,1,0,2,876,0,0,0
6,20,3645000,60000,0,4,1215,2300,2,1880,15000,0,0,0,0,0,0,0,0,0,8,780,0,1,0,2,876,0,0,0
6,20,3645000,60000,0,4,1215,2300,2,1780,15000,0,0,0,0,0,0,0,0,0,8,820,0,1,0,2,876,0,0,0
6,20,3645000,60000,0,4,1215,2300,2,1660,15000,0,0,0,0,0,0,0,0,0,8,880,0,1,0,2,876,0,0,0
6,20,3645000,60000,0,4,1215,2300,2,1560,15000,0,0,0,0,0,0,0,0,0,8,920,0,1,0,2,876,0,0,0
6,10,3645000,60000,0,4,1215,2300,2,1480,15000,0,0,0,0,0,0,0,0,0,8,960,0,1,0,2,876,0,0,0
6,10,3645000,60000,0,4,1215,2300,2,1440,15000,0,0,0,0,0,0,0,0,0,8,980,0,1,0,2,876,0,0,0
6,10,3645000,60000,0,4,1215,2300,2,1420,15000,0,0,0,0,0,0,0,0,0,8,970,0,1,0,2,876,0,0,0
6,10,3645000,60000,0,4,1365,2300,2,1420,15000,0,0,0,0,0,0,0,0,0,8,780,0,1,0,2,876,0,0,0
6,10,3645000,60000,0,4,1415,2300,2,1420,15000,0,0,0,0,0,0,0,0,0,8,710,0,1,0,2,876,0,0,0
6,0,3645000,59999,0,4,1465,2300,2,1360,15000,0,0,0,0,0,0,0,0,0,8,700,0,1,0,2,876,0,0,0
6,0,3645000,59995,0,4,1650,2300,2,1280,15000,0,0,0,0,0,0,0,0,0,8,595,0,1,0,2,876,0,0,0
6,0,3645000,59992,0,4,1700,2300,2,1220,15000,0,0,0,0,0,0,0,0,0,8,605,0,1,0,2,876,0,0,0
6,0,3645000,59989,0,4,1800,2300,2,1160,15000,0,0,0,0,0,0,0,0,0,8,565,0,1,0,2,876,0,0,0
6,0,3645000,59986,0,4,1815,2300,2,1120,15000,0,0,0,0,0,0,0,0,0,8,590,0,1,0,2,876,0,0,0
6,0,3645000,59983,0,4,1815,2300,2,1100,15000,0,0,0,0,0,0,0,0,0,8,610,0,1,0,2,876,0,0,0
6,0,3645000,59980,0,4,1815,2300,2,1000,15000,0,0,0,0,0,0,0,0,0,8,710,0,1,0,2,876,0,0,0
6,0,3645000,59978,0,4,1815,2300,2,920,15000,0,0,0,0,0,0,0,0,0,8,790,0,1,0,2,876,0,0,0
6,0,3645000,59975,0,4,1815,2300,2,800,15000,0,0,0,0,0,0,0,0,0,8,910,0,1,0,2,876,0,0,0
6,0,3645000,59972,0,4,1815,2300,2,680,15000,0,0,0,0,0,0,0,0,0,8,1030,0,1,0,2,876,0,0,0
6,0,3645000,59969,0,4,1815,2300,2,520,15000,0,0,0,0,0,0,0,0,0,8,1190,0,1,0,2,876,0,0,0
6,10,3645000,60000,0,4,1815,2300,2,420,15000,0,0,0,0,0,0,0,0,0,8,1270,0,1,0,2,876,0,0,0
6,10,3645000,60000,0,4,1815,2300,2,340,15000,0,0,0,0,0,0,0,0,0,8,1310,0,1,0,2,876,0,0,0
6,10,3645000,60000,0,4,1815,2300,2,280,15000,0,0,0,0,0,0,0,0,0,8,1340,0,1,0,2,876,0,0,0
6,10,3645000,60000,0,4,1815,2300,2,240,15000,0,0,0,0,0,0,0,0,0,7,1060,0,1,0,2,876,0,0,0
6,10,3645000,60000,0,4,1815,2300,2,220,15000,0,0,0,0,0,0,0,0,0,7,1040,0,1,0,2,876,0,0,0
6,10,3645000,60000,0,4,1815,2300,2,220,15000,0,0,0,0,0,0,0,0,0,7,1010,0,1,0,2,876,0,0,0
6,20,3645000,60000,0,4,1815,2300,2,220,15000,0,0,0,0,0,0,0,0,0,7,950,0,1,0,2,876,0,0,0
6,20,3645000,60000,0,4,1815,2300,2,220,15000,0,0,0,0,0,0,0,0,0,7,910,0,1,0,2,876,0,0,0
6,20,3645000,60000,0,4,1865,2300,2,220,15000,0,0,0,0,0,0,0,0,0,7,800,0,1,0,2,876,0,0,0
6,20,3645000,60000,0,4,103,2300,2,220,15000,0,0,0,0,0,0,0,0,0,8,585,0,1,1,2,876,0,0,0
6,10,3645000,60000,0,4,205,2300,2,220,15000,0,0,0,0,0,0,0,0,0,8,465,0,1,1,2,876,0,0,0
6,10,3645000,60000,0,4,223,2300,2,220,15000,0,0,0,0,0,0,0,0,0,8,420,0,1,1,2,876,0,0,0
6,10,3645000,60000,0,4,226,2300,2,220,15000,0,0,0,0,0,0,0,0,0,8,390,0,1,1,2,876,0,0,0
6,10,3645000,60000,0,4,229,2300,2,220,15000,0,0,0,0,0,0,0,0,0,8,360,0,1,1,2,876,0,0,0
6,10,3645000,60000,0,4,232,2300,2,3068,15000,0,0,0,0,0,0,0,0,0,8,482,0,1,1,2,876,0,0,0
6,10,3645000,60000,0,4,234,2300,2,2896,15000,0,0,0,0,0,0,0,0,0,8,624,0,1,1,2,876,0,0,0
6,0,3645000,59999,0,4,237,2300,2,2648,15000,0,0,0,0,0,0,0,0,0,8,852,0,1,1,2,876,0,0,0
6,0,3645000,59996,0,4,240,2300,2,2360,15000,0,0,0,0,0,0,0,0,0,8,1140,0,1,1,2,876,0,0,0
6,0,3645000,59994,0,4,242,2300,2,2248,15000,0,0,0,0,0,0,0,0,0,8,1252,0,1,1,2,876,0,0,0
6,0,3645000,59991,0,4,245,2300,2,2140,15000,0,0,0,0,0,0,0,0,0,8,1360,0,1,1,2,876,0,0,0
6,0,3645000,59988,0,4,248,2300,2,2092,15000,0,0,0,0,0,0,0,0,0,8,1408,0,1,1,2,876,0,0,0
6,10,3645000,60000,0,4,251,2300,2,2076,15000,0,0,0,0,0,0,0,0,0,8,1390,0,1,1,2,876,0,0,0
6,10,3645000,60000,0,4,253,2300,2,2076,15000,0,0,0,0,0,0,0,0,0,8,1370,0,1,1,2,876,0,0,0
6,10,3645000,60000,0,4,256,2300,2,2076,15000,0,0,0,0,0,0,0,0,0,8,1340,0,1,1,2,876,0,0,0
6,10,3645000,60000,0,4,259,2300,2,2076,15000,0,0,0,0,0,0,0,0,0,8,1310,0,1,1,2,876,0,0,0
6,20,3645000,60000,0,4,262,2300,2,2076,15000,0,0,0,0,0,0,0,0,0,8,1270,0,1,1,2,876,0,0,0
6,20,3645000,60000,0,4,265,2300,2,2076,15000,0,0,0,0,0,0,0,0,0,8,1210,0,1,1,2,876,0,0,0
6,20,3645000,60000,0,4,268,2300,2,2076,15000,0,0,0,0,0,0,0,0,0,8,1150,0,1,1,2,876,0,0,0
6,20,3645000,60000,0,4,271,2300,2,2076,15000,0,0,0,0,0,0,0,0,0,8,1090,0,1,1,2,876,0,0,0
6,20,3645000,60000,0,4,565,2300,2,2076,15000,0,0,0,0,0,0,0,0,0,8,660,0,1,1,2,933,0,0,0
6,20,3645000,60000,0,4,665,2300,2,2076,15000,0,0,0,0,0,0,0,0,0,8,520,0,1,1,2,933,0,0,0
6,10,3645000,60000,0,4,715,2300,2,2076,15000,0,0,0,0,0,0,0,0,0,8,430,0,1,1,2,933,0,0,0
6,10,3645000,60000,0,4,815,2300,2,2076,15000,0,0,0,0,0,0,0,0,0,8,300,0,1,1,2,933,0,0,0
6,10,3645000,60000,0,4,815,2300,2,2076,15000,0,0,0,0,0,0,0,0,0,8,270,0,1,1,2,933,0,0,0
6,10,3645000,60000,0,4,815,2300,2,2076,15000,0,0,0,0,0,0,0,0,0,8,240,0,1,1,2,933,0,0,0
6,0,3645000,59999,0,4,815,2300,2,2036,15000,0,0,0,0,0,0,0,0,0,8,260,0,1,1,2,933,0,0,0
6,0,3645000,59996,0,4,815,2300,2,1976,15000,0,0,0,0,0,0,0,0,0,8,320,0,1,1,2,933,0,0,0
6,0,3645000,59994,0,4,815,2300,2,1936,15000,0,0,0,0,0,0,0,0,0,8,360,0,1,1,2,933,0,0,0
6,0,3645000,59991,0,4,815,2300,2,1836,15000,0,0,0,0,0,0,0,0,0,8,460,0,1,0,2,933,0,0,0
6,0,3645000,59988,0,4,167,2300,2,1716,15000,0,0,0,0,0,0,0,0,0,9,580,0,1,1,2,933,0,0,0
6,0,3645000,59985,0,4,170,2300,2,1568,15000,0,0,0,0,0,0,0,0,0,9,728,0,1,1,2,933,0,0,0
6,0,3645000,59982,0,4,173,2300,2,1440,15000,0,0,0,0,0,0,0,0,0,9,856,0,1,0,2,933,0,0,0
6,0,3645000,59979,0,4,176,2300,2,1272,15000,0,0,0,0,0,0,0,0,0,9,1024,0,1,0,2,933,0,0,0
6,0,3645000,59976,0,4,179,2300,2,1144,15000,0,0,0,0,0,0,0,0,0,9,1152,0,1,0,2,933,0,0,0
6,0,3645000,59974,0,4,181,2300,2,1072,15000,0,0,0,0,0,0,0,0,0,9,1224,0,1,0,2,933,0,0,0
6,10,3645000,60000,0,4,184,2300,2,964,15000,0,0,0,0,0,0,0,0,0,9,1302,0,1,0,2,933,0,0,0
6,0,3645000,59999,0,4,186,2300,2,892,15000,0,0,0,0,0,0,0,0,0,8,1100,0,1,0,2,933,0,0,0
6,0,3645000,59996,0,4,189,2300,2,872,15000,0,0,0,0,0,0,0,0,0,8,1120,0,1,0,2,933,0,0,0
6,0,3645000,59992,0,4,193,2300,2,872,15000,0,0,0,0,0,0,0,0,0,7,1120,0,1,0,2,933,0,0,0
6,0,3645000,59990,0,4,195,2300,2,872,15000,0,0,0,0,0,0,0,0,0,7,1120,0,1,0,2,933,0,0,0
6,0,3645000,59986,0,4,199,2300,2,872,15000,0,0,0,0,0,0,0,0,0,7,1120,0,1,0,2,933,0,0,0
6,0,3645000,59983,0,4,202,2300,2,872,15000,0,0,0,0,0,0,0,0,0,7,1120,0,1,0,2,933,0,0,0
6,0,3645000,59980,0,4,515,2300,2,872,15000,0,0,0,0,0,0,0,0,0,7,809,0,1,0,2,933,0,0,0
6,10,3645000,60000,0,4,565,2300,2,872,15000,0,0,0,0,0,0,0,0,0,7,710,0,1,0,2,972,0,0,0
6,10,3645000,60000,0,4,615,2300,2,872,15000,0,0,0,0,0,0,0,0,0,7,630,0,1,0,2,972,0,0,0
6,10,3645000,60000,0,4,665,2300,2,872,15000,0,0,0,0,0,0,0,0,0,7,560,0,1,0,2,972,0,0,0
6,10,3645000,60000,0,4,665,2300,2,872,15000,0,0,0,0,0,0,0,0,0,7,540,0,1,0,2,972,0,0,0
6,10,3645000,60000,0,4,665,2300,2,872,15000,0,0,0,0,0,0,0,0,0,7,530,0,1,0,2,972,0,0,0
6,10,3645000,60000,0,4,765,2300,2,872,15000,0,0,0,0,0,0,0,0,0,7,410,0,1,0,2,972,0,0,0
6,10,3645000,60000,0,4,765,2300,2,872,15000,0,0,0,0,0,0,0,0,0,7,380,0,1,0,2,972,0,0,0
6,10,3645000,60000,0,4,765,2300,2,872,15000,0,0,0,0,0,0,0,0,0,7,350,0,1,0,2,972,0,0,0
6,10,3645000,60000,0,4,765,2300,2,872,15000,0,0,0,0,0,0,0,0,0,7,320,0,1,0,2,972,0,0,0
6,10,3645000,60000,0,4,765,2300,2,872,15000,0,0,0,0,0,0,0,0,0,7,290,0,1,0,2,972,0,0,0
6,10,3645000,60000,0,4,765,2300,2,872,15000,0,0,0,0,0,0,0,0,0,7,260,0,1,0,2,972,0,0,0
6,10,3645000,60000,0,4,765,2300,2,872,15000,0,0,0,0,0,0,0,0,0,7,230,0,1,0,2,972,0,0,0
6,0,3645000,59998,0,4,765,2300,2,856,15000,0,0,0,0,0,0,0,0,0,7,236,0,1,0,2,972,0,0,0
6,0,3645000,59995,0,4,765,2300,2,808,15000,0,0,0,0,0,0,0,0,0,7,284,0,1,0,2,972,0,0,0
6,0,3645000,59992,0,4,765,2300,2,760,15000,0,0,0,0,0,0,0,0,0,7,332,0,1,0,2,972,0,0,0
6,0,3645000,59989,0,4,765,2300,2,672,15000,0,0,0,0,0,0,0,0,0,7,420,0,1,0,2,972,0,0,0
6,0,3645000,59987,0,4,765,2300,2,3520,15000,0,0,0,0,0,0,0,0,0,7,572,0,1,0,2,972,0,0,0
6,0,3645000,59983,0,4,765,2300,2,2996,15000,0,0,0,0,0,0,0,0,0,7,1096,0,1,0,2,972,0,0,0
6,0,3645000,59981,0,4,765,2300,2,2724,15000,0,0,0,0,0,0,0,0,0,7,1368,0,1,0,2,972,0,0,0
6,0,3645000,59977,0,4,765,2300,2,2288,15000,0,0,0,0,0,0,0,0,0,7,1800,0,1,0,2,972,0,0,0
6,0,3645000,59975,0,4,765,2300,2,2148,15000,0,0,0,0,0,0,0,0,0,7,1940,0,1,0,2,972,0,0,0
6,0,3645000,59972,0,4,765,2300,2,2020,15000,0,0,0,0,0,0,0,0,0,7,2068,0,1,0,2,972,0,0,0
6,0,3645000,59969,0,4,765,2300,2,2020,15000,0,0,0,0,0,0,0,0,0,7,2068,0,1,0,2,972,0,0,0
6,0,3645000,59969,0,4,765,2300,2,2020,15000,0,0,0,0,0,0,0,0,0,7,2068,0,1,0,2,972,0,0,0
6,0,3645000,59969,0,4,765,2300,2,2020,15000,0,0,0,0,0,0,0,0,0,7,2068,0,1,0,2,972,0,0,0
6,0,3645000,59969,0,4,765,2300,2,2020,15000,0,0,0,0,0,0,0,0,0,7,2068,0,1,0,2,972,0,0,0
6,0,3645000,59969,0,4,765,2300,2,2020,15000,0,0,0,0,0,0,0,0,0,7,2068,0,1,0,2,972,0,0,0
6,0,3645000,59969,0,4,765,2300,2,2020,15000,0,0,0,0,0,0,0,0,0,7,2068,0,1,0,2,972,0,0,0
6,0,3645000,59969,0,4,765,2300,2,2020,15000,0,0,0,0,0,0,0,0,0,7,2068,0,1,0,2,972,0,0,0
6,0,3645000,59969,0,4,765,2300,2,2020,15000,0,0,0,0,0,0,0,0,0,7,2068,0,1,0,2,972,0,0,0
6,0,3645000,59969,0,4,765,2300,2,2020,15000,0,0,0,0,0,0,0,0,0,7,2068,0,1,0,2,972,0,0,0
6,0,3645000,59969,0,4,765,2300,2,2020,15000,0,0,0,0,0,0,0,0,0,7,2068,0,1,0,2,972,0,0,0
6,0,3645000,59969,0,4,765,2300,2,2020,15000,0,0,0,0,0,0,0,0,0,7,2068,0,1,0,2,972,0,0,0
6,0,3645000,59969,0,4,765,2300,2,2020,15000,0,0,0,0,0,0,0,0,0,7,2068,0,1,0,2,972,0,0,0
6,0,3645000,59969,0,4,765,2300,2,2020,15000,0,0,0,0,0,0,0,0,0,7,2068,0,1,0,2,972,0,0,0
6,0,3645000,59969,0,4,765,2300,2,2020,15000,0,0,0,0,0,0,0,0,0,7,2068,0,1,0,2,972,0,0,0
6,0,3645000,59969,0,4,765,2300,2,2020,15000,0,0,0,0,0,0,0,0,0,7,2068,0,1,0,2,972,0,0,0
6,0,3645000,59969,0,4,765,2300,2,2020,15000,0,0,0,0,0,0,0,0,0,7,2068,0,1,0,2,972,0,0,0
6,0,3645000,59969,0,4,765,2300,2,2020,15000,0,0,0,0,0,0,0,0,0,7,2068,0,1,0,2,972,0,0,0
6,0,3645000,59969,0,4,765,2300,2,2020,15000,0,0,0,0,0,0,0,0,0,7,2068,0,1,0,2,972,0,0,0
6,0,3645000,59969,0,4,765,2300,2,2020,15000,0,0,0,0,0,0,0,0,0,7,2068,0,1,0,2,972,0,0,0
6,0,3645000,59969,0,4,765,2300,2,2020,15000,0,0,0,0,0,0,0,0,0,7,2068,0,1,0,2,972,0,0,0
6,0,3645000,59969,0,4,765,2300,2,2020,15000,0,0,0,0,0,0,0,0,0,7,2068,0,1,0,2,972,0,0,0
6,0,3645000,59969,0,4,765,2300,2,2020,15000,0,0,0,0,0,0,0,0,0,7,2068,0,1,0,2,972,0,0,0
6,0,3645000,59969,0,4,765,2300,2,2020,15000,0,0,0,0,0,0,0,0,0,7,2068,0,1,0,2,972,0,0,0
6,0,3645000,59969,0,4,765,2300,2,2020,15000,0,0,0,0,0,0,0,0,0,7,2068,0,1,0,2,972,0,0,0
6,0,3645000,59969,0,4,765,2300,2,2020,15000,0,0,0,0,0,0,0,0,0,7,2068,0,1,0,2,972,0,0,0
6,0,3645000,59969,0,4,765,2300,2,2020,15000,0,0,0,0,0,0,0,0,0,7,2068,0,1,0,2,972,0,0,0
6,0,3645000,59969,0,4,765,2300,2,2020,15000,0,0,0,0,0,0,0,0,0,7,2068,0,1,0,2,972,0,0,0
6,0,3645000,59969,0,4,765,2300,2,2020,15000,0,0,0,0,0,0,0,0,0,7,2068,0,1,0,2,972,0,0,0
6,0,3645000,59969,0,4,765,2300,2,2020,15000,0,0,0,0,0,0,0,0,0,7,2068,0,1,0,2,972,0,0,0
6,0,3645000,59969,0,4,765,2300,2,2020,15000,0,0,0,0,0,0,0,0,0,7,2068,0,1,0,2,972,0,0,0
6,0,3645000,59969,0,4,765,2300,2,2020,15000,0,0,0,0,0,0,0,0,0,7,2068,0,1,0,2,972,0,0,0
6,0,3645000,59969,0,4,765,2300,2,2020,15000,0,0,0,0,0,0,0,0,0,7,2068,0,1,0,2,972,0,0,0
6,0,3645000,59969,0,4,765,2300,2,2020,15000,0,0,0,0,0,0,0,0,0,7,2068,0,1,0,2,972,0,0,0
6,0,3645000,59969,0,4,765,2300,2,2020,15000,0,0,0,0,0,0,0,0,0,7,2068,0,1,0,2,972,0,0,0
6,0,3645000,59969,0,4,765,2300,2,2020,15000,0,0,0,0,0,0,0,0,0,7,2068,0,1,0,2,972,0,0,0
6,0,3645000,59969,0,4,765,2300,2,2020,15000,0,0,0,0,0,0,0,0,0,7,2068,0,1,0,2,972,0,0,0
6,0,3645000,59969,0,4,765,2300,2,2020,15000,0,0,0,0,0,0,0,0,0,7,2068,0,1,0,2,972,0,0,0
6,0,3645000,59969,0,4,765,2300,2,2020,15000,0,0,0,0,0,0,0,0,0,7,2068,0,1,0,2,972,0,0,0
6,0,3645000,59969,0,4,765,2300,2,2020,15000,0,0,0,0,0,0,0,0,0,7,2068,0,1,0,2,972,0,0,0
6,0,3645000,59969,0,4,765,2300,2,2020,15000,0,0,0,0,0,0,0,0,0,7,2068,0,1,0,2,972,0,0,0
6,0,3645000,59969,0,4,765,2300,2,2020,15000,0,0,0,0,0,0,0,0,0,7,2068,0,1,0,2,972,0,0,0
6,0,3645000,59969,0,4,765,2300,2,2020,15000,0,0,0,0,0,0,0,0,0,7,2068,0,1,0,2,972,0,0,0
6,0,3645000,59969,0,4,765,2300,2,2020,15000,0,0,0,0,0,0,0,0,0,7,2068,0,1,0,2,972,0,0,0
6,0,3645000,59969,0,4,765,2300,2,2020,15000,0,0,0,0,0,0,0,0,0,7,2068,0,1,0,2,972,0,0,0
6,0,3645000,59969,0,4,765,2300,2,2020,15000,0,0,0,0,0,0,0,0,0,7,2068,0,1,0,2,972,0,0,0
6,0,3645000,59969,0,4,765,2300,2,2020,15000,0,0,0,0,0,0,0,0,0,7,2068,0,1,0,2,972,0,0,0
6,0,3645000,59969,0,4,765,2300,2,2020,15000,0,0,0,0,0,0,0,0,0,7,2068,0,1,0,2,972,0,0,0
6,0,3645000,59969,0,4,765,2300,2,2020,15000,0,0,0,0,0,0,0,0,0,7,2068,0,1,0,2,972,0,0,0
6,0,3645000,59969,0,4,765,2300,2,2020,15000,0,0,0,0,0,0,0,0,0,7,2068,0,1,0,2,972,0,0,0
6,0,3645000,59969,0,4,765,2300,2,2020,15000,0,0,0,0,0,0,0,0,0,7,2068,0,1,0,2,972,0,0,0
6,0,3645000,59969,0,4,765,2300,2,2020,15000,0,0,0,0,0,0,0,0,0,7,2068,0,1,0,2,972,0,0,0
6,0,3645000,59969,0,4,765,2300,2,2020,15000,0,0,0,0,0,0,0,0,0,7,2068,0,1,0,2,972,0,0,0
6,0,3645000,59969,0,4,765,2300,2,2020,15000,0,0,0,0,0,0,0,0,0,7,2068,0,1,0,2,972,0,0,0
6,0,3645000,59969,0,4,765,2300,2,2020,15000,0,0,0,0,0,0,0,0,0,7,2068,0,1,0,2,972,0,0,0
6,0,3645000,59969,0,4,765,2300,2,2020,15000,0,0,0,0,0,0,0,0,0,7,2068,0,1,0,2,972,0,0,0
6,0,3645000,59969,0,4,765,2300,2,2020,15000,0,0,0,0,0,0,0,0,0,7,2068,0,1,0,2,972,0,0,0
6,0,3645000,59969,0,4,765,2300,2,2020,15000,0,0,0,0,0,0,0,0,0,7,2068,0,1,0,2,972,0,0,0
6,0,3645000,59969,0,4,765,2300,2,2020,15000,0,0,0,0,0,0,0,0,0,7,2068,0,1,0,2,972,0,0,0
6,0,3645000,59969,0,4,765,2300,2,2020,15000,0,0,0,0,0,0,0,0,0,7,2068,0,1,0,2,972,0,0,0
6,0,3645000,59969,0,4,765,2300,2,2020,15000,0,0,0,0,0,0,0,0,0,7,2068,0,1,0,2,972,0,0,0
6,0,3645000,59969,0,4,765,2300,2,2020,15000,0,0,0,0,0,0,0,0,0,7,2068,0,1,0,2,972,0,0,0
6,0,3645000,59969,0,4,765,2300,2,2020,15000,0,0,0,0,0,0,0,0,0,7,2068,0,1,0,2,972,0,0,0
6,0,3645000,59969,0,4,765,2300,2,2020,15000,0,0,0,0,0,0,0,0,0,7,2068,0,1,0,2,972,0,0,0
6,0,3645000,59969,0,4,765,2300,2,2020,15000,0,0,0,0,0,0,0,0,0,7,2068,0,1,0,2,972,0,0,0
6,0,3645000,59969,0,4,765,2300,2,2020,15000,0,0,0,0,0,0,0,0,0,7,2068,0,1,0,2,972,0,0,0
6,0,3645000,59969,0,4,765,2300,2,2020,15000,0,0,0,0,0,0,0,0,0,7,2068,0,1,0,2,972,0,0,0
6,0,3645000,59969,0,4,765,2300,2,2020,15000,0,0,0,0,0,0,0,0,0,7,2068,0,1,0,2,972,0,0,0
6,0,3645000,59969,0,4,765,2300,2,2020,15000,0,0,0,0,0,0,0,0,0,7,2068,0,1,0,2,972,0,0,0
6,0,3645000,59969,0,4,765,2300,2,2020,15000,0,0,0,0,0,0,0,0,0,7,2068,0,1,0,2,972,0,0,0
6,0,3645000,59969,0,4,765,2300,2,2020,15000,0,0,0,0,0,0,0,0,0,7,2068,0,1,0,2,972,0,0,0
6,0,3645000,59969,0,4,765,2300,2,2020,15000,0,0,0,0,0,0,0,0,0,7,2068,0,1,0,2,972,0,0,0
6,0,3645000,59969,0,4,765,2300,2,2020,15000,0,0,0,0,0,0,0,0,0,7,2068,0,1,0,2,972,0,0,0
6,0,3645000,59969,0,4,765,2300,2,2020,15000,0,0,0,0,0,0,0,0,0,7,2068,0,1,0,2,972,0,0,0
6,0,3645000,59969,0,4,765,2300,2,2020,15000,0,0,0,0,0,0,0,0,0,7,2068,0,1,0,2,972,0,0,0
6,0,3645000,59969,0,4,765,2300,2,2020,15000,0,0,0,0,0,0,0,0,0,7,2068,0,1,0,2,972,0,0,0
6,0,3645000,59969,0,4,765,2300,2,2020,15000,0,0,0,0,0,0,0,0,0,7,2068,0,1,0,2,972,0,0,0
6,0,3645000,59969,0,4,765,2300,2,2020,15000,0,0,0,0,0,0,0,0,0,7,2068,0,1,0,2,972,0,0,0
6,0,3645000,59969,0,4,765,2300,2,2020,15000,0,0,0,0,0,0,0,0,0,7,2068,0,1,0,2,972,0,0,0
6,0,3645000,59969,0,4,765,2300,2,2020,15000,0,0,0,0,0,0,0,0,0,7,2068,0,1,0,2,972,0,0,0
6,0,3645000,59969,0,4,765,2300,2,2020,15000,0,0,0,0,0,0,0,0,0,7,2068,0,1,0,2,972,0,0,0
6,0,3645000,59969,0,4,765,2300,2,2020,15000,0,0,0,0,0,0,0,0,0,7,2068,0,1,0,2,972,0,0,0
6,0,3645000,59969,0,4,765,2300,2,2020,15000,0,0,0,0,0,0,0,0,0,7,2068,0,1,0,2,972,0,0,0
6,0,3645000,59969,0,4,765,2300,2,2020,15000,0,0,0,0,0,0,0,0,0,7,2068,0,1,0,2,972,0,0,0
6,0,3645000,59969,0,4,765,2300,2,2020,15000,0,0,0,0,0,0,0,0,0,7,2068,0,1,0,2,972,0,0,0
6,0,3645000,59969,0,4,765,2300,2,2020,15000,0,0,0,0,0,0,0,0,0,7,2068,0,1,0,2,972,0,0,0
6,0,3645000,59969,0,4,765,2300,2,2020,15000,0,0,0,0,0,0,0,0,0,7,2068,0,1,0,2,972,0,0,0
6,0,3645000,59969,0,4,765,2300,2,2020,15000,0,0,0,0,0,0,0,0,0,7,2068,0,1,0,2,972,0,0,0
6,0,3645000,59969,0,4,765,2300,2,2020,15000,0,0,0,0,0,0,0,0,0,7,2068,0,1,0,2,972,0,0,0
6,0,3645000,59969,0,4,765,2300,2,2020,15000,0,0,0,0,0,0,0,0,0,7,2068,0,1,0,2,972,0,0,0
6,0,3645000,59969,0,4,765,2300,2,2020,15000,0,0,0,0,0,0,0,0,0,7,2068,0,1,0,2,972,0,0,0
6,0,3645000,59969,0,4,765,2300,2,2020,15000,0,0,0,0,0,0,0,0,0,7,2068,0,1,0,2,972,0,0,0
6,0,3645000,59969,0,4,765,2300,2,2020,15000,0,0,0,0,0,0,0,0,0,7,2068,0,1,0,2,972,0,0,0
6,0,3645000,59969,0,4,765,2300,2,2020,15000,0,0,0,0,0,0,0,0,0,7,2068,0,1,0,2,972,0,0,0
6,0,3645000,59969,0,4,765,2300,2,2020,15000,0,0,0,0,0,0,0,0,0,7,2068,0,1,0,2,972,0,0,0
6,0,3645000,59969,0,4,765,2300,2,2020,15000,0,0,0,0,0,0,0,0,0,7,2068,0,1,0,2,972,0,0,0
6,0,3645000,59969,0,4,765,2300,2,2020,15000,0,0,0,0,0,0,0,0,0,7,2068,0,1,0,2,972,0,0,0
6,0,3645000,59969,0,4,765,2300,2,2020,15000,0,0,0,0,0,0,0,0,0,7,2068,0,1,0,2,972,0,0,0
6,0,3645000,59969,0,4,765,2300,2,2020,15000,0,0,0,0,0,0,0,0,0,7,2068,0,1,0,2,972,0,0,0
6,0,3645000,59969,0,4,765,2300,2,2020,15000,0,0,0,0,0,0,0,0,0,7,2068,0,1,0,2,972,0,0,0
6,0,3645000,59969,0,4,765,2300,2,2020,15000,0,0,0,0,0,0,0,0,0,7,2068,0,1,0,2,972,0,0,0
6,0,3645000,59969,0,4,765,2300,2,2020,15000,0,0,0,0,0,0,0,0,0,7,2068,0,1,0,2,972,0,0,0
6,0,3645000,59969,0,4,765,2300,2,2020,15000,0,0,0,0,0,0,0,0,0,7,2068,0,1,0,2,972,0,0,0
6,0,3645000,59969,0,4,765,2300,2,2020,15000,0,0,0,0,0,0,0,0,0,7,2068,0,1,0,2,972,0,0,0
6,0,3645000,59969,0,4,765,2300,2,2020,15000,0,0,0,0,0,0,0,0,0,7,2068,0,1,0,2,972,0,0,0
6,0,3645000,59969,0,4,765,2300,2,2020,15000,0,0,0,0,0,0,0,0,0,7,2068,0,1,0,2,972,0,0,0
6,0,3645000,59969,0,4,765,2300,2,2020,15000,0,0,0,0,0,0,0,0,0,7,2068,0,1,0,2,972,0,0,0
6,0,3645000,59969,0,4,765,2300,2,2020,15000,0,0,0,0,0,0,0,0,0,7,2068,0,1,0,2,972,0,0,0
6,0,3645000,59969,0,4,765,2300,2,2020,15000,0,0,0,0,0,0,0,0,0,7,2068,0,1,0,2,972,0,0,0
6,0,3645000,59969,0,4,765,2300,2,2020,15000,0,0,0,0,0,0,0,0,0,7,2068,0,1,0,2,972,0,0,0
6,0,3645000,59969,0,4,765,2300,2,2020,15000,0,0,0,0,0,0,0,0,0,7,2068,0,1,0,2,972,0,0,0
6,0,3645000,59969,0,4,765,2300,2,2020,15000,0,0,0,0,0,0,0,0,0,7,2068,0,1,0,2,972,0,0,0
6,0,3645000,59969,0,4,765,2300,2,2020,15000,0,0,0,0,0,0,0,0,0,7,2068,0,1,0,2,972,0,0,0
6,0,3645000,59969,0,4,765,2300,2,2020,15000,0,0,0,0,0,0,0,0,0,7,2068,0,1,0,2,972,0,0,0
6,0,3645000,59969,0,4,765,2300,2,2020,15000,0,0,0,0,0,0,0,0,0,7,2068,0,1,0,2,972,0,0,0
6,0,3645000,59969,0,4,765,2300,2,2020,15000,0,0,0,0,0,0,0,0,0,7,2068,0,1,0,2,972,0,0,0
6,0,3645000,59969,0,4,765,2300,2,2020,15000,0,0,0,0,0,0,0,0,0,7,2068,0,1,0,2,972,0,0,0
6,0,3645000,59969,0,4,765,2300,2,2020,15000,0,0,0,0,0,0,0,0,0,7,2068,0,1,0,2,972,0,0,0
6,0,3645000,59969,0,4,765,2300,2,2020,15000,0,0,0,0,0,0,0,0,0,7,2068,0,1,0,2,972,0,0,0
6,0,3645000,59969,0,4,765,2300,2,2020,15000,0,0,0,0,0,0,0,0,0,7,2068,0,1,0,2,972,0,0,0
6,0,3645000,59969,0,4,765,2300,2,2020,15000,0,0,0,0,0,0,0,0,0,7,2068,0,1,0,2,972,0,0,0
6,0,3645000,59969,0,4,765,2300,2,2020,15000,0,0,0,0,0,0,0,0,0,7,2068,0,1,0,2,972,0,0,0
6,0,3645000,59969,0,4,765,2300,2,2020,15000,0,0,0,0,0,0,0,0,0,7,2068,0,1,0,2,972,0,0,0
6,0,3645000,59969,0,4,765,2300,2,2020,15000,0,0,0,0,0,0,0,0,0,7,2068,0,1,0,2,972,0,0,0
6,0,3645000,59969,0,4,765,2300,2,2020,15000,0,0,0,0,0,0,0,0,0,7,2068,0,1,0,2,972,0,0,0
6,0,3645000,59969,0,4,765,2300,2,2020,15000,0,0,0,0,0,0,0,0,0,7,2068,0,1,0,2,972,0,0,0
6,0,3645000,59969,0,4,765,2300,2,2020,15000,0,0,0,0,0,0,0,0,0,7,2068,0,1,0,2,972,0,0,0
6,0,3645000,59969,0,4,765,2300,2,2020,15000,0,0,0,0,0,0,0,0,0,7,2068,0,1,0,2,972,0,0,0
6,0,3645000,59969,0,4,765,2300,2,2020,15000,0,0,0,0,0,0,0,0,0,7,2068,0,1,0,2,972,0,0,0
6,0,3645000,59969,0,4,765,2300,2,2020,15000,0,0,0,0,0,0,0,0,0,7,2068,0,1,0,2,972,0,0,0
6,0,3645000,59969,0,4,765,2300,2,2020,15000,0,0,0,0,0,0,0,0,0,7,2068,0,1,0,2,972,0,0,0
6,0,3645000,59969,0,4,765,2300,2,2020,15000,0,0,0,0,0,0,0,0,0,7,2068,0,1,0,2,972,0,0,0
6,0,3645000,59969,0,4,765,2300,2,2020,15000,0,0,0,0,0,0,0,0,0,7,2068,0,1,0,2,972,0,0,0
6,0,3645000,59969,0,4,765,2300,2,2020,15000,0,0,0,0,0,0,0,0,0,7,2068,0,1,0,2,972,0,0,0
6,0,3645000,59969,0,4,765,2300,2,2020,15000,0,0,0,0,0,0,0,0,0,7,2068,0,1,0,2,972,0,0,0
6,2400,3645000,59978,0,4,900,2300,2,1960,15000,0,0,0,0,0,0,0,0,0,7,692,0,1,0,2,982,0,0,0
6,2400,3645000,59978,0,4,900,2300,2,1960,15000,0,0,0,0,0,0,0,0,0,7,692,0,1,0,2,982,0,0,0
6,0,3645000,59972,0,4,900,2300,2,1800,15000,0,0,0,0,0,0,0,0,0,7,852,0,1,0,2,982,0,0,0
6,0,3645000,59972,0,4,900,2300,2,1800,15000,0,0,0,0,0,0,0,0,0,7,852,0,1,0,2,982,0,0,0
6,0,3645000,59972,0,4,900,2300,2,1800,15000,0,0,0,0,0,0,0,0,0,7,852,0,1,0,2,982,0,0,0
6,0,3645000,59972,0,4,900,2300,2,1800,15000,0,0,0,0,0,0,0,0,0,7,852,0,1,0,2,982,0,0,0
6,0,3645000,59972,0,4,900,2300,2,1800,15000,0,0,0,0,0,0,0,0,0,7,852,0,1,0,2,982,0,0,0
6,0,3645000,59955,0,4,900,2300,2,1200,15000,0,0,0,0,0,0,0,0,0,7,1452,0,1,0,2,982,0,0,0
6,10,3645000,60000,0,4,900,2300,2,1200,15000,0,0,0,0,0,0,0,0,0,7,1422,0,1,0,2,982,0,0,0
6,10,3645000,60000,0,4,900,2300,2,1200,15000,0,0,0,0,0,0,0,0,0,7,1392,0,1,0,2,982,0,0,0
6,10,3645000,60000,0,4,1000,2300,2,1200,15000,0,0,0,0,0,0,0,0,0,7,1262,0,1,0,2,982,0,0,0
6,10,3645000,60000,0,4,1086,2300,2,1200,15000,0,0,0,0,0,0,0,0,0,7,1146,0,1,0,2,982,0,0,0
6,10,3645000,60000,0,4,1236,2300,2,1200,15000,0,0,0,0,0,0,0,0,0,7,966,0,1,0,2,982,0,0,0
6,10,3645000,60000,0,4,1400,2300,2,1200,15000,0,0,0,0,0,0,0,0,0,6,652,0,1,0,2,982,0,0,0
6,0,3645000,59996,0,4,1500,2300,2,1200,15000,0,0,0,0,0,0,0,0,0,6,552,0,1,0,2,982,0,0,0
6,0,3645000,59994,0,4,1500,2300,2,1200,15000,0,0,0,0,0,0,0,0,0,6,552,0,1,0,2,982,0,0,0
6,0,3645000,59991,0,4,1500,2300,2,1200,15000,0,0,0,0,0,0,0,0,0,6,552,0,1,0,2,982,0,0,0
6,0,3645000,59987,0,4,1500,2300,2,1200,15000,0,0,0,0,0,0,0,0,0,6,552,0,1,0,2,982,0,0,0
6,0,3645000,59984,0,4,1500,2300,2,1160,15000,0,0,0,0,0,0,0,0,0,6,592,0,1,0,2,982,0,0,0
6,0,3645000,59981,0,4,850,2300,2,1060,15000,0,0,0,0,0,0,0,0,0,7,692,0,1,1,2,982,0,0,0
6,0,3645000,59978,0,4,850,2300,2,3864,15000,0,0,0,0,0,0,0,0,0,7,888,0,1,1,2,982,0,0,0
6,0,3645000,59974,0,4,850,2300,2,3528,15000,0,0,0,0,0,0,0,0,0,7,1220,0,1,0,2,982,0,0,0
6,0,3645000,59971,0,4,850,2300,2,3288,15000,0,0,0,0,0,0,0,0,0,7,1460,0,1,0,2,982,0,0,0
6,0,3645000,59968,0,4,850,2300,2,3108,15000,0,0,0,0,0,0,0,0,0,7,1640,0,1,0,2,982,0,0,0
6,0,3645000,59965,0,4,850,2300,2,2988,15000,0,0,0,0,0,0,0,0,0,7,1760,0,1,0,2,982,0,0,0
6,0,3645000,59961,0,4,950,2300,2,2948,15000,0,0,0,0,0,0,0,0,0,7,1700,0,1,0,2,982,0,0,0
6,0,3645000,59959,0,4,1086,2300,2,2948,15000,0,0,0,0,0,0,0,0,0,7,1564,0,1,0,2,982,0,0,0
6,0,3645000,59956,0,4,1336,2300,2,2948,15000,0,0,0,0,0,0,0,0,0,7,1314,0,1,0,2,982,0,0,0
6,0,3645000,59953,0,4,1436,2300,2,2948,15000,0,0,0,0,0,0,0,0,0,6,1214,0,1,0,2,982,0,0,0
6,0,3645000,59950,0,4,1565,2300,2,2948,15000,0,0,0,0,0,0,0,0,0,6,1085,0,1,0,2,982,0,0,0
6,10,3645000,60000,0,4,1650,2300,2,2948,15000,0,0,0,0,0,0,0,0,0,6,970,0,1,0,2,982,0,0,0
6,10,3645000,60000,0,4,1750,2300,2,2888,15000,0,0,0,0,0,0,0,0,0,6,900,0,1,0,2,982,0,0,0
6,10,3645000,60000,0,4,1750,2300,2,2828,15000,0,0,0,0,0,0,0,0,0,6,930,0,1,0,2,982,0,0,0
6,10,3645000,60000,0,4,1750,2300,2,2788,15000,0,0,0,0,0,0,0,0,0,6,650,0,1,0,2,1272,0,0,0
6,10,3645000,60000,0,4,1750,2300,2,2728,15000,0,0,0,0,0,0,0,0,0,6,680,0,1,0,2,1242,0,0,0
6,10,3645000,60000,0,4,1800,2300,2,2668,15000,0,0,0,0,0,0,0,0,0,6,660,0,1,0,2,1212,0,0,0
6,10,3645000,60000,0,4,1865,2300,2,2648,15000,0,0,0,0,0,0,0,0,0,6,585,0,1,0,2,1182,0,0,0
6,10,3645000,60000,0,4,2050,2300,2,2588,15000,0,0,0,0,0,0,0,0,0,7,430,0,1,0,2,1152,0,0,0
6,10,3645000,60000,0,4,153,2300,2,2528,15000,0,0,0,0,0,0,0,0,0,7,460,0,1,1,2,1122,0,0,0
6,10,3645000,60000,0,4,306,2300,2,2384,15000,0,0,0,0,0,0,0,0,0,7,414,0,1,1,2,1082,0,0,0
6,0,3645000,59997,0,4,356,2300,2,2276,15000,0,0,0,0,0,0,0,0,0,7,472,0,1,1,2,1052,0,0,0
6,0,3645000,59995,0,4,456,2300,2,2204,15000,0,0,0,0,0,0,0,0,0,7,444,0,1,1,2,1032,0,0,0
6,0,3645000,59992,0,4,456,2300,2,2156,15000,0,0,0,0,0,0,0,0,0,7,492,0,1,1,2,1002,0,0,0
6,0,3645000,59988,0,4,456,2300,2,2052,15000,0,0,0,0,0,0,0,0,0,7,596,0,1,1,2,982,0,0,0
6,0,3645000,59986,0,4,506,2300,2,1980,15000,0,0,0,0,0,0,0,0,0,7,618,0,1,1,2,982,0,0,0
6,0,3645000,59983,0,4,556,2300,2,1844,15000,0,0,0,0,0,0,0,0,0,7,700,0,1,1,2,982,0,0,0
6,0,3645000,59980,0,4,656,2300,2,1684,15000,0,0,0,0,0,0,0,0,0,7,760,0,1,1,2,982,0,0,0
6,0,3645000,59978,0,4,706,2300,2,1564,15000,0,0,0,0,0,0,0,0,0,7,830,0,1,1,2,982,0,0,0
6,0,3645000,59975,0,4,756,2300,2,1384,15000,0,0,0,0,0,0,0,0,0,7,960,0,1,1,2,982,0,0,0
6,0,3645000,59972,0,4,756,2300,2,1264,15000,0,0,0,0,0,0,0,0,0,7,1080,0,1,1,2,982,0,0,0
6,0,3645000,59969,0,4,756,2300,2,1184,15000,0,0,0,0,0,0,0,0,0,7,1160,0,1,1,2,982,0,0,0
6,0,3645000,59966,0,4,856,2300,2,1144,15000,0,0,0,0,0,0,0,0,0,7,1100,0,1,1,2,982,0,0,0
6,0,3645000,59964,0,4,906,2300,2,1144,15000,0,0,0,0,0,0,0,0,0,7,1050,0,1,1,2,982,0,0,0
6,0,3645000,59962,0,4,956,2300,2,1144,15000,0,0,0,0,0,0,0,0,0,7,1000,0,1,1,2,982,0,0,0
6,0,3645000,59958,0,4,1056,2300,2,1144,15000,0,0,0,0,0,0,0,0,0,7,900,0,1,1,2,982,0,0,0
6,0,3645000,59955,0,4,1056,2300,2,1144,15000,0,0,0,0,0,0,0,0,0,7,900,0,1,1,2,982,0,0,0
6,0,3645000,59953,0,4,1056,2300,2,1144,15000,0,0,0,0,0,0,0,0,0,7,900,0,1,1,2,982,0,0,0
6,10,3645000,60000,0,4,1056,2300,2,1144,15000,0,0,0,0,0,0,0,0,0,7,870,0,1,1,2,982,0,0,0
6,10,3645000,60000,0,4,1056,2300,2,1144,15000,0,0,0,0,0,0,0,0,0,7,850,0,1,1,2,982,0,0,0
6,10,3645000,60000,0,4,1056,2300,2,1144,15000,0,0,0,0,0,0,0,0,0,7,820,0,1,1,2,982,0,0,0
6,10,3645000,60000,0,4,1056,2300,2,1144,15000,0,0,0,0,0,0,0,0,0,7,790,0,1,1,2,982,0,0,0
6,10,3645000,60000,0,4,1056,2300,2,1144,15000,0,0,0,0,0,0,0,0,0,7,460,0,1,1,2,1262,0,0,0
6,10,3645000,60000,0,4,1156,2300,2,1096,15000,0,0,0,0,0,0,0,0,0,7,378,0,1,1,2,1232,0,0,0
6,10,3645000,60000,0,4,1256,2300,2,1048,15000,0,0,0,0,0,0,0,0,0,7,296,0,1,1,2,1202,0,0,0
6,10,3645000,60000,0,4,1356,2300,2,1000,15000,0,0,0,0,0,0,0,0,0,7,214,0,1,1,2,1172,0,0,0
6,10,3645000,60000,0,4,1356,2300,2,952,15000,0,0,0,0,0,0,0,0,0,7,232,0,1,1,2,1142,0,0,0
6,10,3645000,60000,0,4,1356,2300,2,904,15000,0,0,0,0,0,0,0,0,0,7,250,0,1,1,2,1112,0,0,0
6,0,3645000,59998,0,4,1356,2300,2,856,15000,0,0,0,0,0,0,0,0,0,7,288,0,1,0,2,1082,0,0,0
6,0,3645000,59996,0,4,1356,2300,2,840,15000,0,0,0,0,0,0,0,0,0,7,300,0,1,0,2,1062,0,0,0
6,0,3645000,59993,0,4,1356,2300,2,840,15000,0,0,0,0,0,0,0,0,0,7,300,0,1,0,2,1032,0,0,0
6,0,3645000,59991,0,4,1356,2300,2,820,15000,0,0,0,0,0,0,0,0,0,7,320,0,1,0,2,1012,0,0,0
6,0,3645000,59988,0,4,1356,2300,2,760,15000,0,0,0,0,0,0,0,0,0,7,380,0,1,0,2,982,0,0,0
6,0,3645000,59985,0,4,1356,2300,2,680,15000,0,0,0,0,0,0,0,0,0,7,460,0,1,0,2,982,0,0,0
6,0,3645000,59982,0,4,1356,2300,2,3560,15000,0,0,0,0,0,0,0,0,0,7,580,0,1,0,2,982,0,0,0
6,0,3645000,59979,0,4,1356,2300,2,3220,15000,0,0,0,0,0,0,0,0,0,7,920,0,1,0,2,982,0,0,0
6,0,3645000,59976,0,4,1406,2300,2,2880,15000,0,0,0,0,0,0,0,0,0,7,1210,0,1,0,2,982,0,0,0
6,0,3645000,59973,0,4,1456,2300,2,2580,15000,0,0,0,0,0,0,0,0,0,7,1460,0,1,0,2,982,0,0,0
6,0,3645000,59971,0,4,1506,2300,2,2380,15000,0,0,0,0,0,0,0,0,0,7,1610,0,1,0,2,982,0,0,0
6,0,3645000,59968,0,4,1606,2300,2,2160,15000,0,0,0,0,0,0,0,0,0,7,1730,0,1,0,2,982,0,0,0
6,0,3645000,59965,0,4,1656,2300,2,2100,15000,0,0,0,0,0,0,0,0,0,7,1740,0,1,0,2,982,0,0,0
6,0,3645000,59963,0,4,1656,2300,2,2100,15000,0,0,0,0,0,0,0,0,0,7,1740,0,1,0,2,982,0,0,0
6,0,3645000,59960,0,4,1656,2300,2,2100,15000,0,0,0,0,0,0,0,0,0,7,1740,0,1,0,2,982,0,0,0
6,10,3645000,60000,0,4,1656,2300,2,2100,15000,0,0,0,0,0,0,0,0,0,6,1420,0,1,0,2,982,0,0,0
6,10,3645000,60000,0,4,1656,2300,2,2100,15000,0,0,0,0,0,0,0,0,0,6,1390,0,1,0,2,982,0,0,0
6,20,3645000,60000,0,4,1706,2300,2,2100,15000,0,0,0,0,0,0,0,0,0,6,1310,0,1,0,2,982,0,0,0
6,20,3645000,60000,0,4,1756,2300,2,2100,15000,0,0,0,0,0,0,0,0,0,6,1220,0,1,0,2,982,0,0,0
6,20,3645000,60000,0,4,1806,2300,2,2100,15000,0,0,0,0,0,0,0,0,0,6,1110,0,1,0,2,982,0,0,0
6,20,3645000,60000,0,4,1856,2300,2,2100,15000,0,0,0,0,0,0,0,0,0,6,1020,0,1,0,2,982,0,0,0
6,20,3645000,60000,0,4,1906,2300,2,2100,15000,0,0,0,0,0,0,0,0,0,7,910,0,1,0,2,982,0,0,0
6,30,3645000,60000,0,4,59,2300,2,2100,15000,0,0,0,0,0,0,0,0,0,7,790,0,1,1,2,982,0,0,0
6,30,3645000,60000,0,4,62,2300,2,2100,15000,0,0,0,0,0,0,0,0,0,7,700,0,1,1,2,982,0,0,0
6,30,3645000,60000,0,4,63,2300,2,2100,15000,0,0,0,0,0,0,0,0,0,7,670,0,1,1,2,982,0,0,0
6,30,3645000,60000,0,4,65,2300,2,2100,15000,0,0,0,0,0,0,0,0,0,7,610,0,1,1,2,982,0,0,0
6,30,3645000,60000,0,4,68,2300,2,2100,15000,0,0,0,0,0,0,0,0,0,7,520,0,1,1,2,982,0,0,0
6,20,3645000,60000,0,4,71,2300,2,2100,15000,0,0,0,0,0,0,0,0,0,7,450,0,1,1,2,982,0,0,0
6,20,3645000,60000,0,4,74,2300,2,2080,15000,0,0,0,0,0,0,0,0,0,7,410,0,1,1,2,982,0,0,0
6,10,3645000,60000,0,4,77,2300,2,2020,15000,0,0,0,0,0,0,0,0,0,7,430,0,1,1,2,982,0,0,0
6,10,3645000,60000,0,4,79,2300,2,1980,15000,0,0,0,0,0,0,0,0,0,7,450,0,1,1,2,982,0,0,0
6,10,3645000,60000,0,4,82,2300,2,1920,15000,0,0,0,0,0,0,0,0,0,7,480,0,1,1,2,982,0,0,0
6,10,3645000,60000,0,4,85,2300,2,1860,15000,0,0,0,0,0,0,0,0,0,7,510,0,1,1,2,982,0,0,0
6,10,3645000,60000,0,4,88,2300,2,1800,15000,0,0,0,0,0,0,0,0,0,7,540,0,1,1,2,982,0,0,0
6,0,3645000,59998,0,4,90,2300,2,1800,15000,0,0,0,0,0,0,0,0,0,7,540,0,1,1,2,982,0,0,0
6,0,3645000,59994,0,4,94,2300,2,1740,15000,0,0,0,0,0,0,0,0,0,7,600,0,1,1,2,982,0,0,0
6,0,3645000,59992,0,4,96,2300,2,1700,15000,0,0,0,0,0,0,0,0,0,7,640,0,1,1,2,982,0,0,0
6,0,3645000,59989,0,4,199,2300,2,1680,15000,0,0,0,0,0,0,0,0,0,7,560,0,1,1,2,982,0,0,0
6,0,3645000,59987,0,4,251,2300,2,1680,15000,0,0,0,0,0,0,0,0,0,7,510,0,1,1,2,982,0,0,0
6,0,3645000,59984,0,4,302,2300,2,1660,15000,0,0,0,0,0,0,0,0,0,7,480,0,1,1,2,982,0,0,0
6,0,3645000,59981,0,4,402,2300,2,1600,15000,0,0,0,0,0,0,0,0,0,7,440,0,1,1,2,982,0,0,0
6,0,3645000,59978,0,4,402,2300,2,1540,15000,0,0,0,0,0,0,0,0,0,7,500,0,1,1,2,982,0,0,0
6,0,3645000,59976,0,4,402,2300,2,1500,15000,0,0,0,0,0,0,0,0,0,7,540,0,1,1,2,982,0,0,0
6,0,3645000,59973,0,4,402,2300,2,1440,15000,0,0,0,0,0,0,0,0,0,7,600,0,1,1,2,982,0,0,0
6,0,3645000,59970,0,4,402,2300,2,1340,15000,0,0,0,0,0,0,0,0,0,7,700,0,1,1,2,982,0,0,0
6,0,3645000,59967,0,4,402,2300,2,1280,15000,0,0,0,0,0,0,0,0,0,7,760,0,1,1,2,982,0,0,0
6,0,3645000,59965,0,4,402,2300,2,1240,15000,0,0,0,0,0,0,0,0,0,7,780,0,1,1,2,982,0,0,0
6,0,3645000,59963,0,4,402,2300,2,1200,15000,0,0,0,0,0,0,0,0,0,7,820,0,1,1,2,982,0,0,0
6,0,3645000,59961,0,4,402,2300,2,1160,15000,0,0,0,0,0,0,0,0,0,7,860,0,1,1,2,982,0,0,0
6,0,3645000,59961,0,4,402,2300,2,1160,15000,0,0,0,0,0,0,0,0,0,7,860,0,1,1,2,982,0,0,0
6,0,3645000,59957,0,4,402,2300,2,1100,15000,0,0,0,0,0,0,0,0,0,6,820,0,1,1,2,982,0,0,0
6,0,3645000,59954,0,4,402,2300,2,1080,15000,0,0,0,0,0,0,0,0,0,6,840,0,1,1,2,982,0,0,0
6,10,3645000,60000,0,4,402,2300,2,1080,15000,0,0,0,0,0,0,0,0,0,6,830,0,1,1,2,982,0,0,0
6,10,3645000,60000,0,4,402,2300,2,1080,15000,0,0,0,0,0,0,0,0,0,6,810,0,1,1,2,982,0,0,0
6,10,3645000,60000,0,4,402,2300,2,1080,15000,0,0,0,0,0,0,0,0,0,6,790,0,1,1,2,982,0,0,0
6,10,3645000,60000,0,4,452,2300,2,1080,15000,0,0,0,0,0,0,0,0,0,6,710,0,1,0,2,982,0,0,0
6,10,3645000,60000,0,4,502,2300,2,1080,15000,0,0,0,0,0,0,0,0,0,6,640,0,1,0,2,982,0,0,0
6,10,3645000,60000,0,4,552,2300,2,1080,15000,0,0,0,0,0,0,0,0,0,6,560,0,1,0,2,982,0,0,0
6,10,3645000,60000,0,4,602,2300,2,1080,15000,0,0,0,0,0,0,0,0,0,6,480,0,1,0,2,982,0,0,0
6,10,3645000,60000,0,4,702,2300,2,1080,15000,0,0,0,0,0,0,0,0,0,6,360,0,1,0,2,982,0,0,0
6,10,3645000,60000,0,4,702,2300,2,1080,15000,0,0,0,0,0,0,0,0,0,6,330,0,1,0,2,982,0,0,0
6,10,3645000,60000,0,4,702,2300,2,1080,15000,0,0,0,0,0,0,0,0,0,6,310,0,1,0,2,982,0,0,0
6,10,3645000,60000,0,4,702,2300,2,1080,15000,0,0,0,0,0,0,0,0,0,6,280,0,1,0,2,982,0,0,0
6,10,3645000,60000,0,4,702,2300,2,4024,15000,0,0,0,0,0,0,0,0,0,6,316,0,1,0,2,982,0,0,0
6,0,3645000,59999,0,4,702,2300,2,3836,15000,0,0,0,0,0,0,0,0,0,6,484,0,1,0,2,982,0,0,0
6,0,3645000,59997,0,4,702,2300,2,3724,15000,0,0,0,0,0,0,0,0,0,6,596,0,1,0,2,982,0,0,0
6,0,3645000,59994,0,4,702,2300,2,3496,15000,0,0,0,0,0,0,0,0,0,6,824,0,1,0,2,982,0,0,0
6,0,3645000,59991,0,4,702,2300,2,3268,15000,0,0,0,0,0,0,0,0,0,6,1052,0,1,0,2,982,0,0,0
6,0,3645000,59988,0,4,702,2300,2,3040,15000,0,0,0,0,0,0,0,0,0,5,980,0,1,0,2,982,0,0,0
6,0,3645000,59986,0,4,702,2300,2,2928,15000,0,0,0,0,0,0,0,0,0,5,1092,0,1,0,2,982,0,0,0
6,0,3645000,59983,0,4,702,2300,2,2816,15000,0,0,0,0,0,0,0,0,0,5,1200,0,1,0,2,982,0,0,0
6,0,3645000,59980,0,4,702,2300,2,2736,15000,0,0,0,0,0,0,0,0,0,5,1280,0,1,0,2,982,0,0,0
6,0,3645000,59977,0,4,752,2300,2,2676,15000,0,0,0,0,0,0,0,0,0,5,1290,0,1,0,2,982,0,0,0
6,0,3645000,59975,0,4,852,2300,2,2636,15000,0,0,0,0,0,0,0,0,0,5,1230,0,1,0,2,982,0,0,0
6,0,3645000,59972,0,4,1002,2300,2,2576,15000,0,0,0,0,0,0,0,0,0,5,1140,0,1,0,2,982,0,0,0
6,0,3645000,59969,0,4,1202,2300,2,2516,15000,0,0,0,0,0,0,0,0,0,5,1000,0,1,0,2,982,0,0,0
6,0,3645000,59966,0,4,1252,2300,2,2516,15000,0,0,0,0,0,0,0,0,0,5,950,0,1,0,2,982,0,0,0
6,0,3645000,59963,0,4,1352,2300,2,2516,15000,0,0,0,0,0,0,0,0,0,5,850,0,1,0,2,982,0,0,0
6,0,3645000,59960,0,4,1402,2300,2,2516,15000,0,0,0,0,0,0,0,0,0,5,800,0,1,0,2,982,0,0,0
6,0,3645000,59957,0,4,1452,2300,2,2516,15000,0,0,0,0,0,0,0,0,0,5,750,0,1,0,2,982,0,0,0
6,0,3645000,59954,0,4,1596,2300,2,2516,15000,0,0,0,0,0,0,0,0,0,5,606,0,1,0,2,982,0,0,0
6,10,3645000,60000,0,4,1746,2300,2,2516,15000,0,0,0,0,0,0,0,0,0,5,446,0,1,0,2,982,0,0,0
6,10,3645000,60000,0,4,1846,2300,2,2456,15000,0,0,0,0,0,0,0,0,0,5,376,0,1,0,2,982,0,0,0
6,10,3645000,60000,0,4,1896,2300,2,2336,15000,0,0,0,0,0,0,0,0,0,5,416,0,1,0,2,982,0,0,0
6,10,3645000,60000,0,4,3,2300,2,2216,15000,0,0,0,0,0,0,0,0,0,6,500,0,1,1,2,982,0,0,0
6,10,3645000,60000,0,4,6,2300,2,2096,15000,0,0,0,0,0,0,0,0,0,6,590,0,1,1,2,982,0,0,0
6,10,3645000,60000,0,4,9,2300,2,1976,15000,0,0,0,0,0,0,0,0,0,6,680,0,1,1,2,982,0,0,0
6,10,3645000,60000,0,4,12,2300,2,1916,15000,0,0,0,0,0,0,0,0,0,6,710,0,1,1,2,982,0,0,0
6,10,3645000,60000,0,4,15,2300,2,1916,15000,0,0,0,0,0,0,0,0,0,6,680,0,1,1,2,982,0,0,0
6,10,3645000,60000,0,4,118,2300,2,1868,15000,0,0,0,0,0,0,0,0,0,6,598,0,1,1,2,982,0,0,0
6,10,3645000,60000,0,4,221,2300,2,1820,15000,0,0,0,0,0,0,0,0,0,6,516,0,1,1,2,982,0,0,0
6,0,3645000,59999,0,4,323,2300,2,1772,15000,0,0,0,0,0,0,0,0,0,6,444,0,1,1,2,982,0,0,0
6,0,3645000,59997,0,4,323,2300,2,1740,15000,0,0,0,0,0,0,0,0,0,6,476,0,1,1,2,982,0,0,0
6,0,3645000,59994,0,4,323,2300,2,1672,15000,0,0,0,0,0,0,0,0,0,6,544,0,1,1,2,982,0,0,0
6,0,3645000,59991,0,4,373,2300,2,1564,15000,0,0,0,0,0,0,0,0,0,6,602,0,1,1,2,982,0,0,0
6,0,3645000,59988,0,4,473,2300,2,1412,15000,0,0,0,0,0,0,0,0,0,6,650,0,1,1,2,982,0,0,0
6,0,3645000,59985,0,4,523,2300,2,1292,15000,0,0,0,0,0,0,0,0,0,6,720,0,1,1,2,982,0,0,0
6,0,3645000,59982,0,4,623,2300,2,1172,15000,0,0,0,0,0,0,0,0,0,6,740,0,1,1,2,982,0,0,0
6,0,3645000,59979,0,4,623,2300,2,1132,15000,0,0,0,0,0,0,0,0,0,6,780,0,1,1,2,982,0,0,0
6,0,3645000,59977,0,4,623,2300,2,1132,15000,0,0,0,0,0,0,0,0,0,6,780,0,1,1,2,982,0,0,0
6,0,3645000,59974,0,4,623,2300,2,1132,15000,0,0,0,0,0,0,0,0,0,6,780,0,1,1,2,982,0,0,0
6,0,3645000,59971,0,4,623,2300,2,1132,15000,0,0,0,0,0,0,0,0,0,6,780,0,1,1,2,982,0,0,0
6,0,3645000,59968,0,4,723,2300,2,1132,15000,0,0,0,0,0,0,0,0,0,6,680,0,1,1,2,982,0,0,0
6,0,3645000,59966,0,4,773,2300,2,1132,15000,0,0,0,0,0,0,0,0,0,6,630,0,1,1,2,982,0,0,0
6,0,3645000,59963,0,4,823,2300,2,1132,15000,0,0,0,0,0,0,0,0,0,6,580,0,1,1,2,982,0,0,0
6,0,3645000,59960,0,4,923,2300,2,1072,15000,0,0,0,0,0,0,0,0,0,6,540,0,1,1,2,982,0,0,0
6,0,3645000,59957,0,4,973,2300,2,1012,15000,0,0,0,0,0,0,0,0,0,6,550,0,1,1,2,982,0,0,0
6,0,3645000,59954,0,4,1023,2300,2,952,15000,0,0,0,0,0,0,0,0,0,6,560,0,1,1,2,982,0,0,0
6,0,3645000,59951,0,4,1121,2300,2,892,15000,0,0,0,0,0,0,0,0,0,6,522,0,1,1,2,982,0,0,0
6,0,3645000,59949,0,4,1221,2300,2,852,15000,0,0,0,0,0,0,0,0,0,6,462,0,1,1,2,982,0,0,0
6,0,3645000,59946,0,4,1223,2300,2,832,15000,0,0,0,0,0,0,0,0,0,6,480,0,1,1,2,982,0,0,0
6,0,3645000,59942,0,4,1223,2300,2,832,15000,0,0,0,0,0,0,0,0,0,6,480,0,1,1,2,982,0,0,0
6,0,3645000,59940,0,4,1223,2300,2,832,15000,0,0,0,0,0,0,0,0,0,6,480,0,1,1,2,982,0,0,0
6,0,3645000,59937,0,4,1223,2300,2,832,15000,0,0,0,0,0,0,0,0,0,6,480,0,1,0,2,982,0,0,0
6,0,3645000,59933,0,4,1223,2300,2,768,15000,0,0,0,0,0,0,0,0,0,6,544,0,1,0,2,982,0,0,0
6,0,3645000,59931,0,4,1223,2300,2,736,15000,0,0,0,0,0,0,0,0,0,6,576,0,1,0,2,982,0,0,0
6,0,3645000,59928,0,4,1223,2300,2,688,15000,0,0,0,0,0,0,0,0,0,6,624,0,1,0,2,982,0,0,0
6,0,3645000,59926,0,4,1323,2300,2,3656,15000,0,0,0,0,0,0,0,0,0,6,556,0,1,0,2,982,0,0,0
6,0,3645000,59923,0,4,1373,2300,2,3448,15000,0,0,0,0,0,0,0,0,0,6,714,0,1,0,2,982,0,0,0
6,0,3645000,59920,0,4,1473,2300,2,3160,15000,0,0,0,0,0,0,0,0,0,6,902,0,1,0,2,982,0,0,0
6,0,3645000,59918,0,4,1523,2300,2,2988,15000,0,0,0,0,0,0,0,0,0,6,1020,0,1,0,2,982,0,0,0
6,0,3645000,59915,0,4,1523,2300,2,2808,15000,0,0,0,0,0,0,0,0,0,6,1200,0,1,0,2,982,0,0,0
6,0,3645000,59912,0,4,1573,2300,2,2628,15000,0,0,0,0,0,0,0,0,0,6,1330,0,1,0,2,982,0,0,0
6,0,3645000,59909,0,4,1623,2300,2,2508,15000,0,0,0,0,0,0,0,0,0,6,1400,0,1,0,2,982,0,0,0
6,0,3645000,59907,0,4,1673,2300,2,2508,15000,0,0,0,0,0,0,0,0,0,6,1350,0,1,0,2,982,0,0,0
6,0,3645000,59904,0,4,1673,2300,2,2508,15000,0,0,0,0,0,0,0,0,0,6,1350,0,1,0,2,982,0,0,0
6,0,3645000,59900,0,4,1821,2300,2,2508,15000,0,0,0,0,0,0,0,0,0,6,1202,0,1,0,2,982,0,0,0
6,0,3645000,59898,0,4,1823,2300,2,2508,15000,0,0,0,0,0,0,0,0,0,6,1200,0,1,0,2,982,0,0,0
6,10,3645000,60000,0,4,1823,2300,2,2508,15000,0,0,0,0,0,0,0,0,0,6,1190,0,1,0,2,982,0,0,0
6,10,3645000,60000,0,4,1823,2300,2,2488,15000,0,0,0,0,0,0,0,0,0,6,1180,0,1,0,2,982,0,0,0
6,10,3645000,60000,0,4,225,2300,2,2428,15000,0,0,0,0,0,0,0,0,0,7,610,0,1,1,2,1262,0,0,0
6,10,3645000,60000,0,4,228,2300,2,2368,15000,0,0,0,0,0,0,0,0,0,7,640,0,1,1,2,1232,0,0,0
6,10,3645000,60000,0,4,379,2300,2,2248,15000,0,0,0,0,0,0,0,0,0,7,580,0,1,1,2,1202,0,0,0
6,10,3645000,60000,0,4,429,2300,2,2140,15000,0,0,0,0,0,0,0,0,0,7,608,0,1,1,2,1172,0,0,0
6,10,3645000,60000,0,4,529,2300,2,2020,15000,0,0,0,0,0,0,0,0,0,7,598,0,1,1,2,1142,0,0,0
6,10,3645000,60000,0,4,529,2300,2,1900,15000,0,0,0,0,0,0,0,0,0,7,688,0,1,1,2,1112,0,0,0
6,10,3645000,60000,0,4,529,2300,2,1860,15000,0,0,0,0,0,0,0,0,0,7,718,0,1,1,2,1102,0,0,0
6,10,3645000,60000,0,4,529,2300,2,1760,15000,0,0,0,0,0,0,0,0,0,7,788,0,1,1,2,1072,0,0,0
6,10,3645000,60000,0,4,529,2300,2,1680,15000,0,0,0,0,0,0,0,0,0,7,828,0,1,1,2,1032,0,0,0
6,0,3645000,59998,0,4,579,2300,2,1680,15000,0,0,0,0,0,0,0,0,0,7,778,0,1,1,2,1012,0,0,0
6,0,3645000,59995,0,4,679,2300,2,1680,15000,0,0,0,0,0,0,0,0,0,7,678,0,1,1,2,982,0,0,0
6,0,3645000,59992,0,4,729,2300,2,1680,15000,0,0,0,0,0,0,0,0,0,7,628,0,1,1,2,982,0,0,0
6,0,3645000,59990,0,4,829,2300,2,1680,15000,0,0,0,0,0,0,0,0,0,7,528,0,1,1,2,982,0,0,0
6,0,3645000,59988,0,4,829,2300,2,1680,15000,0,0,0,0,0,0,0,0,0,7,528,0,1,1,2,982,0,0,0
6,0,3645000,59985,0,4,829,2300,2,1680,15000,0,0,0,0,0,0,0,0,0,7,228,0,1,1,2,1282,0,0,0
6,0,3645000,59983,0,4,829,2300,2,1660,15000,0,0,0,0,0,0,0,0,0,7,248,0,1,1,2,1262,0,0,0
6,0,3645000,59980,0,4,829,2300,2,1580,15000,0,0,0,0,0,0,0,0,0,7,328,0,1,1,2,1232,0,0,0
6,0,3645000,59977,0,4,829,2300,2,1460,15000,0,0,0,0,0,0,0,0,0,7,448,0,1,1,2,1202,0,0,0
6,0,3645000,59975,0,4,829,2300,2,1380,15000,0,0,0,0,0,0,0,0,0,7,528,0,1,1,2,1182,0,0,0
6,0,3645000,59973,0,4,829,2300,2,1300,15000,0,0,0,0,0,0,0,0,0,7,608,0,1,1,2,1162,0,0,0
6,0,3645000,59970,0,4,829,2300,2,1140,15000,0,0,0,0,0,0,0,0,0,7,768,0,1,1,2,1132,0,0,0
6,0,3645000,59968,0,4,829,2300,2,1040,15000,0,0,0,0,0,0,0,0,0,7,868,0,1,1,2,1112,0,0,0
6,0,3645000,59965,0,4,829,2300,2,940,15000,0,0,0,0,0,0,0,0,0,7,968,0,1,1,2,1082,0,0,0
6,0,3645000,59963,0,4,829,2300,2,900,15000,0,0,0,0,0,0,0,0,0,7,1008,0,1,1,2,1062,0,0,0
6,0,3645000,59959,0,4,829,2300,2,820,15000,0,0,0,0,0,0,0,0,0,7,1088,0,1,1,2,1022,0,0,0
6,0,3645000,59956,0,4,879,2300,2,780,15000,0,0,0,0,0,0,0,0,0,7,1078,0,1,1,2,992,0,0,0
6,10,3645000,60000,0,4,929,2300,2,780,15000,0,0,0,0,0,0,0,0,0,7,1018,0,1,1,2,982,0,0,0
6,10,3645000,60000,0,4,979,2300,2,780,15000,0,0,0,0,0,0,0,0,0,7,938,0,1,1,2,982,0,0,0
6,10,3645000,60000,0,4,1079,2300,2,780,15000,0,0,0,0,0,0,0,0,0,7,798,0,1,1,2,982,0,0,0
6,10,3645000,60000,0,4,1129,2300,2,780,15000,0,0,0,0,0,0,0,0,0,7,728,0,1,1,2,982,0,0,0
6,10,3645000,60000,0,4,1129,2300,2,780,15000,0,0,0,0,0,0,0,0,0,7,398,0,1,0,2,1272,0,0,0
6,10,3645000,60000,0,4,1129,2300,2,780,15000,0,0,0,0,0,0,0,0,0,7,368,0,1,0,2,1242,0,0,0
6,10,3645000,60000,0,4,1129,2300,2,780,15000,0,0,0,0,0,0,0,0,0,7,338,0,1,0,2,1212,0,0,0
6,10,3645000,60000,0,4,1129,2300,2,720,15000,0,0,0,0,0,0,0,0,0,7,368,0,1,0,2,1182,0,0,0
6,10,3645000,60000,0,4,1129,2300,2,600,15000,0,0,0,0,0,0,0,0,0,7,458,0,1,0,2,1152,0,0,0
