controller_level,controller_progress_delta,controller_needed,controller_downgrade,controller_safemode,controller_safemode_avail,energy_avail,energy_cap,num_sources,source_energy,mineral_amount,num_extractors,storage_energy,storage_minerals,terminal_energy,terminal_minerals,num_containers,container_energy,num_links,link_energy,num_creeps,creep_energy,num_enemies,num_spawns,spawns_spawning,num_towers,tower_energy,num_construction_sites,num_my_construction_sites,num_source_containers
7,0,10935000,99999,0,5,2094,5300,2,570,35000,1,0,0,0,0,0,0,0,0,9,890,0,1,1,3,1227,0,0,0
7,10,10935000,100000,0,5,2194,5300,2,390,35000,1,0,0,0,0,0,0,0,0,9,950,0,1,1,3,1227,0,0,0
7,10,10935000,100000,0,5,2294,5300,2,270,35000,1,0,0,0,0,0,0,0,0,9,940,0,1,1,3,1227,0,0,0
7,10,10935000,100000,0,5,2294,5300,2,210,35000,1,0,0,0,0,0,0,0,0,9,980,0,1,1,3,1227,0,0,0
7,10,10935000,100000,0,5,2294,5300,2,170,35000,1,0,0,0,0,0,0,0,0,9,980,0,1,1,3,1227,0,0,0
7,10,10935000,100000,0,5,2394,5300,2,20,35000,1,0,0,0,0,0,0,0,0,9,1000,0,1,1,3,1227,0,0,0
7,10,10935000,100000,0,5,2594,5300,2,0,35000,1,0,0,0,0,0,0,0,0,9,790,0,1,1,3,1227,0,0,0
7,10,10935000,100000,0,5,2594,5300,2,0,35000,1,0,0,0,0,0,0,0,0,9,770,0,1,1,3,1227,0,0,0
7,10,10935000,100000,0,5,2594,5300,2,0,35000,1,0,0,0,0,0,0,0,0,9,740,0,1,1,3,1227,0,0,0
7,10,10935000,100000,0,5,2594,5300,2,0,35000,1,0,0,0,0,0,0,0,0,9,710,0,1,1,3,1227,0,0,0
7,10,10935000,100000,0,5,2594,5300,2,0,35000,1,0,0,0,0,0,0,0,0,9,370,0,1,1,3,1527,0,0,0
7,0,10935000,99998,0,5,2594,5300,2,0,35000,1,0,0,0,0,0,0,0,0,9,360,0,1,1,3,1497,0,0,0
7,0,10935000,99995,0,5,2594,5300,2,0,35000,1,0,0,0,0,0,0,0,0,9,360,0,1,1,3,1467,0,0,0
7,0,10935000,99993,0,5,2594,5300,2,0,35000,1,0,0,0,0,0,0,0,0,9,360,0,1,1,3,1447,0,0,0
7,0,10935000,99990,0,5,694,5300,2,0,35000,1,0,0,0,0,0,0,0,0,10,360,0,1,1,3,1417,0,0,0
7,0,10935000,99987,0,5,694,5300,2,0,35000,1,0,0,0,0,0,0,0,0,10,360,0,1,1,3,1387,0,0,0
7,0,10935000,99984,0,5,694,5300,2,0,35000,1,0,0,0,0,0,0,0,0,10,360,0,1,1,3,1357,0,0,0
7,0,10935000,99982,0,5,694,5300,2,0,35000,1,0,0,0,0,0,0,0,0,10,360,0,1,1,3,1357,0,0,0
7,0,10935000,99979,0,5,694,5300,2,0,35000,1,0,0,0,0,0,0,0,0,10,360,0,1,1,3,1357,0,0,0
7,0,10935000,99976,0,5,694,5300,2,0,35000,1,0,0,0,0,0,0,0,0,10,360,0,1,1,3,1357,0,0,0
7,0,10935000,99973,0,5,694,5300,2,0,35000,1,0,0,0,0,0,0,0,0,10,360,0,1,1,3,1357,0,0,0
7,0,10935000,99970,0,5,694,5300,2,0,35000,1,0,0,0,0,0,0,0,0,10,360,0,1,1,3,1357,0,0,0
7,0,10935000,99968,0,5,694,5300,2,0,35000,1,0,0,0,0,0,0,0,0,10,360,0,1,1,3,1357,0,0,0
7,0,10935000,99965,0,5,694,5300,2,0,35000,1,0,0,0,0,0,0,0,0,10,360,0,1,1,3,1357,0,0,0
7,0,10935000,99961,0,5,694,5300,2,0,35000,1,0,0,0,0,0,0,0,0,9,210,0,1,1,3,1357,0,0,0
7,0,10935000,99958,0,5,694,5300,2,0,35000,1,0,0,0,0,0,0,0,0,9,210,0,1,1,3,1357,0,0,0
7,0,10935000,99955,0,5,694,5300,2,0,35000,1,0,0,0,0,0,0,0,0,9,210,0,1,1,3,1357,0,0,0
7,0,10935000,99953,0,5,694,5300,2,0,35000,1,0,0,0,0,0,0,0,0,9,210,0,1,1,3,1357,0,0,0
7,0,10935000,99951,0,5,694,5300,2,0,35000,1,0,0,0,0,0,0,0,0,9,210,0,1,1,3,1357,0,0,0
7,0,10935000,99948,0,5,694,5300,2,0,35000,1,0,0,0,0,0,0,0,0,9,210,0,1,1,3,1357,0,0,0
7,0,10935000,99945,0,5,694,5300,2,0,35000,1,0,0,0,0,0,0,0,0,9,210,0,1,1,3,1357,0,0,0
7,0,10935000,99942,0,5,694,5300,2,0,35000,1,0,0,0,0,0,0,0,0,9,210,0,1,1,3,1357,0,0,0
7,0,10935000,99939,0,5,694,5300,2,0,35000,1,0,0,0,0,0,0,0,0,9,210,0,1,1,3,1357,0,0,0
7,0,10935000,99936,0,5,694,5300,2,0,35000,1,0,0,0,0,0,0,0,0,9,210,0,1,1,3,1357,0,0,0
7,0,10935000,99934,0,5,694,5300,2,0,35000,1,0,0,0,0,0,0,0,0,9,210,0,1,1,3,1357,0,0,0
7,0,10935000,99930,0,5,694,5300,2,0,35000,1,0,0,0,0,0,0,0,0,9,210,0,1,1,3,1357,0,0,0
7,0,10935000,99927,0,5,694,5300,2,0,35000,1,0,0,0,0,0,0,0,0,9,210,0,1,1,3,1357,0,0,0
7,0,10935000,99925,0,5,694,5300,2,0,35000,1,0,0,0,0,0,0,0,0,9,210,0,1,1,3,1357,0,0,0
7,0,10935000,99922,0,5,694,5300,2,0,35000,1,0,0,0,0,0,0,0,0,9,210,0,1,1,3,1357,0,0,0
7,0,10935000,99919,0,5,694,5300,2,0,35000,1,0,0,0,0,0,0,0,0,9,210,0,1,1,3,1357,0,0,0
7,0,10935000,99916,0,5,694,5300,2,0,35000,1,0,0,0,0,0,0,0,0,9,210,0,1,1,3,1357,0,0,0
7,0,10935000,99913,0,5,694,5300,2,0,35000,1,0,0,0,0,0,0,0,0,9,210,0,1,1,3,1357,0,0,0
7,0,10935000,99910,0,5,694,5300,2,0,35000,1,0,0,0,0,0,0,0,0,9,210,0,1,1,3,1357,0,0,0
7,0,10935000,99908,0,5,694,5300,2,0,35000,1,0,0,0,0,0,0,0,0,9,210,0,1,0,3,1357,0,0,0
7,0,10935000,99904,0,5,694,5300,2,0,35000,1,0,0,0,0,0,0,0,0,9,210,0,1,0,3,1357,0,0,0
7,0,10935000,99902,0,5,694,5300,2,0,35000,1,0,0,0,0,0,0,0,0,9,210,0,1,0,3,1357,0,0,0
7,0,10935000,99899,0,5,694,5300,2,0,35000,1,0,0,0,0,0,0,0,0,9,210,0,1,0,3,1357,0,0,0
7,0,10935000,99895,0,5,694,5300,2,0,35000,1,0,0,0,0,0,0,0,0,9,210,0,1,0,3,1357,0,0,0
7,0,10935000,99892,0,5,694,5300,2,0,35000,1,0,0,0,0,0,0,0,0,9,210,0,1,0,3,1357,0,0,0
7,0,10935000,99889,0,5,694,5300,2,0,35000,1,0,0,0,0,0,0,0,0,9,210,0,1,0,3,1357,0,0,0
7,0,10935000,99887,0,5,694,5300,2,0,35000,1,0,0,0,0,0,0,0,0,9,210,0,1,0,3,1357,0,0,0
7,0,10935000,99883,0,5,694,5300,2,0,35000,1,0,0,0,0,0,0,0,0,9,210,0,1,0,3,1357,0,0,0
7,0,10935000,99880,0,5,694,5300,2,0,35000,1,0,0,0,0,0,0,0,0,8,90,0,1,0,3,1357,0,0,0
7,0,10935000,99877,0,5,694,5300,2,0,35000,1,0,0,0,0,0,0,0,0,8,90,0,1,0,3,1357,0,0,0
7,0,10935000,99875,0,5,694,5300,2,0,35000,1,0,0,0,0,0,0,0,0,8,90,0,1,0,3,1357,0,0,0
7,0,10935000,99871,0,5,694,5300,2,0,35000,1,0,0,0,0,0,0,0,0,8,90,0,1,0,3,1357,0,0,0
7,0,10935000,99869,0,5,694,5300,2,0,35000,1,0,0,0,0,0,0,0,0,8,90,0,1,0,3,1357,0,0,0
7,0,10935000,99866,0,5,694,5300,2,0,35000,1,0,0,0,0,0,0,0,0,8,90,0,1,0,3,1357,0,0,0
7,0,10935000,99863,0,5,694,5300,2,0,35000,1,0,0,0,0,0,0,0,0,8,90,0,1,0,3,1357,0,0,0
7,0,10935000,99860,0,5,694,5300,2,0,35000,1,0,0,0,0,0,0,0,0,8,90,0,1,0,3,1357,0,0,0
7,0,10935000,99857,0,5,694,5300,2,0,35000,1,0,0,0,0,0,0,0,0,8,90,0,1,0,3,1357,0,0,0
7,0,10935000,99854,0,5,694,5300,2,0,35000,1,0,0,0,0,0,0,0,0,8,90,0,1,0,3,1357,0,0,0
7,0,10935000,99851,0,5,694,5300,2,0,35000,1,0,0,0,0,0,0,0,0,8,90,0,1,0,3,1357,0,0,0
7,0,10935000,99848,0,5,694,5300,2,0,35000,1,0,0,0,0,0,0,0,0,8,90,0,1,0,3,1357,0,0,0
7,0,10935000,99846,0,5,694,5300,2,0,35000,1,0,0,0,0,0,0,0,0,8,90,0,1,0,3,1357,0,0,0
7,0,10935000,99843,0,5,694,5300,2,0,35000,1,0,0,0,0,0,0,0,0,8,90,0,1,0,3,1357,0,0,0
7,0,10935000,99840,0,5,694,5300,2,0,35000,1,0,0,0,0,0,0,0,0,8,90,0,1,0,3,1357,0,0,0
7,0,10935000,99838,0,5,694,5300,2,0,35000,1,0,0,0,0,0,0,0,0,8,90,0,1,0,3,1357,0,0,0
7,0,10935000,99835,0,5,694,5300,2,0,35000,1,0,0,0,0,0,0,0,0,8,90,0,1,0,3,1357,0,0,0
7,0,10935000,99833,0,5,694,5300,2,3000,35000,1,0,0,0,0,0,0,0,0,8,90,0,1,0,3,1357,0,0,0
7,0,10935000,99829,0,5,694,5300,2,2640,35000,1,0,0,0,0,0,0,0,0,8,450,0,1,0,3,1357,0,0,0
7,0,10935000,99826,0,5,694,5300,2,2370,35000,1,0,0,0,0,0,0,0,0,8,720,0,1,0,3,1357,0,0,0
7,0,10935000,99823,0,5,694,5300,2,2100,35000,1,0,0,0,0,0,0,0,0,8,990,0,1,0,3,1357,0,0,0
7,0,10935000,99822,0,5,694,5300,2,2040,35000,1,0,0,0,0,0,0,0,0,8,1050,0,1,0,3,1357,0,0,0
7,0,10935000,99819,0,5,790,5300,2,1920,35000,1,0,0,0,0,0,0,0,0,8,1074,0,1,0,3,1357,0,0,0
7,0,10935000,99816,0,5,990,5300,2,1800,35000,1,0,0,0,0,0,0,0,0,8,994,0,1,0,3,1357,0,0,0
7,0,10935000,99813,0,5,994,5300,2,1800,35000,1,0,0,0,0,0,0,0,0,8,990,0,1,0,3,1357,0,0,0
7,0,10935000,99809,0,5,994,5300,2,1710,35000,1,0,0,0,0,0,0,0,0,8,1080,0,1,0,3,1357,0,0,0
7,0,10935000,99806,0,5,994,5300,2,1620,35000,1,0,0,0,0,0,0,0,0,8,1170,0,1,0,3,1357,0,0,0
7,0,10935000,99803,0,5,994,5300,2,1530,35000,1,0,0,0,0,0,0,0,0,8,1260,0,1,0,3,1357,0,0,0
7,10,10935000,100000,0,5,994,5300,2,1500,35000,1,0,0,0,0,0,0,0,0,8,1260,0,1,0,3,1357,0,0,0
7,20,10935000,100000,0,5,1190,5300,2,1500,35000,1,0,0,0,0,0,0,0,0,8,1014,0,1,0,3,1357,0,0,0
7,20,10935000,100000,0,5,1200,5300,2,1500,35000,1,0,0,0,0,0,0,0,0,8,944,0,1,0,3,1357,0,0,0
7,20,10935000,100000,0,5,1200,5300,2,4340,35000,1,0,0,0,0,0,0,0,0,8,1044,0,1,0,3,1357,0,0,0
7,30,10935000,100000,0,5,1200,5300,2,4100,35000,1,0,0,0,0,0,0,0,0,8,1194,0,1,0,3,1357,0,0,0
7,30,10935000,100000,0,5,1394,5300,2,3840,35000,1,0,0,0,0,0,0,0,0,8,1140,0,1,0,3,1357,0,0,0
7,30,10935000,100000,0,5,1494,5300,2,3770,35000,1,0,0,0,0,0,0,0,0,8,1050,0,1,0,3,1357,0,0,0
7,30,10935000,100000,0,5,1694,5300,2,3510,35000,1,0,0,0,0,0,0,0,0,8,990,0,1,0,3,1357,0,0,0
7,30,10935000,100000,0,5,1794,5300,2,3150,35000,1,0,0,0,0,0,0,0,0,8,1130,0,1,0,3,1357,0,0,0
7,20,10935000,100000,0,5,1894,5300,2,2910,35000,1,0,0,0,0,0,0,0,0,8,1210,0,1,0,3,1357,0,0,0
7,20,10935000,100000,0,5,1894,5300,2,2730,35000,1,0,0,0,0,0,0,0,0,8,1330,0,1,0,3,1357,0,0,0
7,20,10935000,100000,0,5,2000,5300,2,2640,35000,1,0,0,0,0,0,0,0,0,8,1264,0,1,0,3,1357,0,0,0
7,20,10935000,100000,0,5,2494,5300,2,2520,35000,1,0,0,0,0,0,0,0,0,9,810,0,1,0,3,1357,0,0,0
7,10,10935000,100000,0,5,196,5300,2,2470,35000,1,0,0,0,0,0,0,0,0,9,740,0,1,1,3,1357,0,0,0
7,10,10935000,100000,0,5,498,5300,2,2360,35000,1,0,0,0,0,0,0,0,0,9,310,0,1,1,3,1527,0,0,0
7,10,10935000,100000,0,5,498,5300,2,2080,35000,1,0,0,0,0,0,0,0,0,9,550,0,1,1,3,1487,0,0,0
7,10,10935000,100000,0,5,498,5300,2,1850,35000,1,0,0,0,0,0,0,0,0,9,760,0,1,1,3,1487,0,0,0
7,10,10935000,100000,0,5,498,5300,2,1300,35000,1,0,0,0,0,0,0,0,0,9,1270,0,1,1,3,1487,0,0,0
7,10,10935000,100000,0,5,598,5300,2,1000,35000,1,0,0,0,0,0,0,0,0,9,1440,0,1,1,3,1487,0,0,0
7,10,10935000,100000,0,5,898,5300,2,740,35000,1,0,0,0,0,0,0,0,0,9,1360,0,1,1,3,1487,0,0,0
7,0,10935000,99998,0,5,1198,5300,2,690,35000,1,0,0,0,0,0,0,0,0,9,1100,0,1,1,3,1487,0,0,0
7,0,10935000,99995,0,5,1298,5300,2,640,35000,1,0,0,0,0,0,0,0,0,9,1050,0,1,1,3,1487,0,0,0
7,0,10935000,99992,0,5,1398,5300,2,400,35000,1,0,0,0,0,0,0,0,0,9,1190,0,1,1,3,1487,0,0,0
7,10,10935000,100000,0,5,1398,5300,2,100,35000,1,0,0,0,0,0,0,0,0,9,1460,0,1,1,3,1487,0,0,0
7,10,10935000,100000,0,5,1398,5300,2,0,35000,1,0,0,0,0,0,0,0,0,9,1520,0,1,1,3,1487,0,0,0
7,20,10935000,100000,0,5,1398,5300,2,0,35000,1,0,0,0,0,0,0,0,0,9,1470,0,1,1,3,1487,0,0,0
7,20,10935000,100000,0,5,1398,5300,2,0,35000,1,0,0,0,0,0,0,0,0,9,1110,0,1,1,3,1767,0,0,0
7,20,10935000,100000,0,5,1398,5300,2,0,35000,1,0,0,0,0,0,0,0,0,9,1030,0,1,1,3,1727,0,0,0
7,20,10935000,100000,0,5,1398,5300,2,0,35000,1,0,0,0,0,0,0,0,0,9,970,0,1,1,3,1697,0,0,0
7,20,10935000,100000,0,5,1398,5300,2,0,35000,1,0,0,0,0,0,0,0,0,9,910,0,1,1,3,1667,0,0,0
7,20,10935000,100000,0,5,1398,5300,2,0,35000,1,0,0,0,0,0,0,0,0,9,850,0,1,1,3,1637,0,0,0
7,20,10935000,100000,0,5,1398,5300,2,0,35000,1,0,0,0,0,0,0,0,0,9,770,0,1,1,3,1597,0,0,0
7,10,10935000,100000,0,5,1398,5300,2,0,35000,1,0,0,0,0,0,0,0,0,9,740,0,1,1,3,1567,0,0,0
7,10,10935000,100000,0,5,1398,5300,2,0,35000,1,0,0,0,0,0,0,0,0,9,710,0,1,1,3,1537,0,0,0
7,0,10935000,99998,0,5,1398,5300,2,0,35000,1,0,0,0,0,0,0,0,0,9,690,0,1,1,3,1497,0,0,0
7,0,10935000,99995,0,5,1398,5300,2,0,35000,1,0,0,0,0,0,0,0,0,9,690,0,1,1,3,1487,0,0,0
7,0,10935000,99992,0,5,1398,5300,2,0,35000,1,0,0,0,0,0,0,0,0,8,690,0,1,1,3,1487,0,0,0
7,0,10935000,99989,0,5,1398,5300,2,0,35000,1,0,0,0,0,0,0,0,0,8,690,0,1,1,3,1487,0,0,0
7,0,10935000,99985,0,5,1398,5300,2,0,35000,1,0,0,0,0,0,0,0,0,8,690,0,1,1,3,1487,0,0,0
7,0,10935000,99982,0,5,1398,5300,2,0,35000,1,0,0,0,0,0,0,0,0,8,690,0,1,1,3,1487,0,0,0
7,0,10935000,99979,0,5,1398,5300,2,0,35000,1,0,0,0,0,0,0,0,0,8,690,0,1,1,3,1487,0,0,0
7,0,10935000,99976,0,5,1398,5300,2,0,35000,1,0,0,0,0,0,0,0,0,8,690,0,1,1,3,1487,0,0,0
7,0,10935000,99973,0,5,1398,5300,2,0,35000,1,0,0,0,0,0,0,0,0,8,690,0,1,1,3,1487,0,0,0
7,0,10935000,99970,0,5,1398,5300,2,0,35000,1,0,0,0,0,0,0,0,0,8,690,0,1,0,3,1487,0,0,0
7,0,10935000,99967,0,5,1398,5300,2,0,35000,1,0,0,0,0,0,0,0,0,8,690,0,1,0,3,1487,0,0,0
7,0,10935000,99964,0,5,1398,5300,2,0,35000,1,0,0,0,0,0,0,0,0,8,690,0,1,0,3,1487,0,0,0
7,0,10935000,99960,0,5,1398,5300,2,0,35000,1,0,0,0,0,0,0,0,0,8,690,0,1,0,3,1487,0,0,0
7,0,10935000,99958,0,5,1398,5300,2,0,35000,1,0,0,0,0,0,0,0,0,8,690,0,1,0,3,1487,0,0,0
7,0,10935000,99955,0,5,1398,5300,2,0,35000,1,0,0,0,0,0,0,0,0,8,690,0,1,0,3,1487,0,0,0
7,0,10935000,99951,0,5,1398,5300,2,0,35000,1,0,0,0,0,0,0,0,0,8,690,0,1,0,3,1487,0,0,0
7,0,10935000,99948,0,5,1398,5300,2,0,35000,1,0,0,0,0,0,0,0,0,8,690,0,1,0,3,1487,0,0,0
7,0,10935000,99945,0,5,1398,5300,2,0,35000,1,0,0,0,0,0,0,0,0,8,690,0,1,0,3,1487,0,0,0
7,0,10935000,99942,0,5,1398,5300,2,0,35000,1,0,0,0,0,0,0,0,0,8,690,0,1,0,3,1487,0,0,0
7,0,10935000,99939,0,5,1398,5300,2,0,35000,1,0,0,0,0,0,0,0,0,8,690,0,1,0,3,1487,0,0,0
7,0,10935000,99937,0,5,1398,5300,2,0,35000,1,0,0,0,0,0,0,0,0,8,690,0,1,0,3,1487,0,0,0
7,0,10935000,99934,0,5,1398,5300,2,0,35000,1,0,0,0,0,0,0,0,0,8,690,0,1,0,3,1487,0,0,0
7,0,10935000,99931,0,5,1398,5300,2,0,35000,1,0,0,0,0,0,0,0,0,8,690,0,1,0,3,1487,0,0,0
7,0,10935000,99928,0,5,1398,5300,2,0,35000,1,0,0,0,0,0,0,0,0,8,690,0,1,0,3,1487,0,0,0
7,0,10935000,99926,0,5,1398,5300,2,0,35000,1,0,0,0,0,0,0,0,0,8,690,0,1,0,3,1487,0,0,0
7,0,10935000,99923,0,5,1398,5300,2,0,35000,1,0,0,0,0,0,0,0,0,8,690,0,1,0,3,1487,0,0,0
7,0,10935000,99921,0,5,1398,5300,2,0,35000,1,0,0,0,0,0,0,0,0,8,690,0,1,0,3,1487,0,0,0
7,0,10935000,99918,0,5,1398,5300,2,0,35000,1,0,0,0,0,0,0,0,0,8,690,0,1,0,3,1487,0,0,0
7,0,10935000,99916,0,5,1398,5300,2,0,35000,1,0,0,0,0,0,0,0,0,8,690,0,1,0,3,1487,0,0,0
7,0,10935000,99913,0,5,1398,5300,2,0,35000,1,0,0,0,0,0,0,0,0,8,690,0,1,0,3,1487,0,0,0
7,0,10935000,99910,0,5,1398,5300,2,0,35000,1,0,0,0,0,0,0,0,0,8,690,0,1,0,3,1487,0,0,0
7,0,10935000,99907,0,5,1398,5300,2,0,35000,1,0,0,0,0,0,0,0,0,8,690,0,1,0,3,1487,0,0,0
7,0,10935000,99905,0,5,1398,5300,2,0,35000,1,0,0,0,0,0,0,0,0,7,690,0,1,0,3,1487,0,0,0
7,0,10935000,99902,0,5,1398,5300,2,0,35000,1,0,0,0,0,0,0,0,0,7,690,0,1,0,3,1487,0,0,0
7,0,10935000,99899,0,5,1398,5300,2,0,35000,1,0,0,0,0,0,0,0,0,7,690,0,1,0,3,1487,0,0,0
7,0,10935000,99895,0,5,1398,5300,2,0,35000,1,0,0,0,0,0,0,0,0,7,690,0,1,0,3,1487,0,0,0
7,0,10935000,99893,0,5,1398,5300,2,0,35000,1,0,0,0,0,0,0,0,0,7,690,0,1,0,3,1487,0,0,0
7,0,10935000,99889,0,5,1398,5300,2,0,35000,1,0,0,0,0,0,0,0,0,7,690,0,1,0,3,1487,0,0,0
7,0,10935000,99886,0,5,1398,5300,2,0,35000,1,0,0,0,0,0,0,0,0,7,690,0,1,0,3,1487,0,0,0
7,0,10935000,99883,0,5,1398,5300,2,0,35000,1,0,0,0,0,0,0,0,0,7,690,0,1,0,3,1487,0,0,0
7,0,10935000,99881,0,5,1398,5300,2,0,35000,1,0,0,0,0,0,0,0,0,7,690,0,1,0,3,1487,0,0,0
7,0,10935000,99878,0,5,1398,5300,2,0,35000,1,0,0,0,0,0,0,0,0,7,690,0,1,0,3,1487,0,0,0
7,0,10935000,99875,0,5,1398,5300,2,0,35000,1,0,0,0,0,0,0,0,0,7,690,0,1,0,3,1487,0,0,0
7,0,10935000,99872,0,5,1398,5300,2,0,35000,1,0,0,0,0,0,0,0,0,7,690,0,1,0,3,1487,0,0,0
7,0,10935000,99870,0,5,1398,5300,2,0,35000,1,0,0,0,0,0,0,0,0,7,690,0,1,0,3,1487,0,0,0
7,0,10935000,99867,0,5,1398,5300,2,0,35000,1,0,0,0,0,0,0,0,0,7,690,0,1,0,3,1487,0,0,0
7,0,10935000,99864,0,5,1398,5300,2,0,35000,1,0,0,0,0,0,0,0,0,7,690,0,1,0,3,1487,0,0,0
7,0,10935000,99861,0,5,1398,5300,2,0,35000,1,0,0,0,0,0,0,0,0,7,690,0,1,0,3,1487,0,0,0
7,0,10935000,99859,0,5,1398,5300,2,0,35000,1,0,0,0,0,0,0,0,0,7,690,0,1,0,3,1487,0,0,0
7,0,10935000,99856,0,5,1398,5300,2,0,35000,1,0,0,0,0,0,0,0,0,7,690,0,1,0,3,1487,0,0,0
7,0,10935000,99853,0,5,1398,5300,2,0,35000,1,0,0,0,0,0,0,0,0,7,690,0,1,0,3,1487,0,0,0
7,0,10935000,99850,0,5,1398,5300,2,0,35000,1,0,0,0,0,0,0,0,0,7,690,0,1,0,3,1487,0,0,0
7,0,10935000,99847,0,5,1398,5300,2,0,35000,1,0,0,0,0,0,0,0,0,7,690,0,1,0,3,1487,0,0,0
7,0,10935000,99844,0,5,1398,5300,2,0,35000,1,0,0,0,0,0,0,0,0,7,690,0,1,0,3,1487,0,0,0
7,0,10935000,99841,0,5,1398,5300,2,2900,35000,1,0,0,0,0,0,0,0,0,7,790,0,1,0,3,1487,0,0,0
7,0,10935000,99838,0,5,1398,5300,2,2750,35000,1,0,0,0,0,0,0,0,0,7,940,0,1,0,3,1487,0,0,0
7,0,10935000,99835,0,5,1398,5300,2,2700,35000,1,0,0,0,0,0,0,0,0,7,990,0,1,0,3,1487,0,0,0
7,0,10935000,99833,0,5,1498,5300,2,2700,35000,1,0,0,0,0,0,0,0,0,7,890,0,1,0,3,1487,0,0,0
7,0,10935000,99830,0,5,1698,5300,2,2700,35000,1,0,0,0,0,0,0,0,0,7,690,0,1,0,3,1487,0,0,0
7,0,10935000,99827,0,5,1698,5300,2,2670,35000,1,0,0,0,0,0,0,0,0,7,720,0,1,0,3,1487,0,0,0
7,0,10935000,99825,0,5,1698,5300,2,2610,35000,1,0,0,0,0,0,0,0,0,7,780,0,1,0,3,1487,0,0,0
7,10,10935000,100000,0,5,1698,5300,2,2490,35000,1,0,0,0,0,0,0,0,0,7,880,0,1,0,3,1487,0,0,0
7,10,10935000,100000,0,5,1698,5300,2,2400,35000,1,0,0,0,0,0,0,0,0,7,940,0,1,0,3,1487,0,0,0
7,10,10935000,100000,0,5,1698,5300,2,2400,35000,1,0,0,0,0,0,0,0,0,7,910,0,1,0,3,1487,0,0,0
7,10,10935000,100000,0,5,1898,5300,2,2400,35000,1,0,0,0,0,0,0,0,0,7,680,0,1,0,3,1487,0,0,0
7,10,10935000,100000,0,5,100,5300,2,2400,35000,1,0,0,0,0,0,0,0,0,8,550,0,1,1,3,1487,0,0,0
7,10,10935000,100000,0,5,104,5300,2,2280,35000,1,0,0,0,0,0,0,0,0,8,630,0,1,1,3,1487,0,0,0
7,10,10935000,100000,0,5,106,5300,2,2220,35000,1,0,0,0,0,0,0,0,0,8,670,0,1,1,3,1487,0,0,0
7,10,10935000,100000,0,5,110,5300,2,4860,35000,1,0,0,0,0,0,0,0,0,8,990,0,1,1,3,1487,0,0,0
7,10,10935000,100000,0,5,311,5300,2,4770,35000,1,0,0,0,0,0,0,0,0,8,850,0,1,1,3,1487,0,0,0
7,10,10935000,100000,0,5,811,5300,2,4620,35000,1,0,0,0,0,0,0,0,0,8,470,0,1,1,3,1487,0,0,0
7,0,10935000,99997,0,5,911,5300,2,4350,35000,1,0,0,0,0,0,0,0,0,8,640,0,1,1,3,1487,0,0,0
7,0,10935000,99994,0,5,1011,5300,2,4020,35000,1,0,0,0,0,0,0,0,0,8,870,0,1,1,3,1487,0,0,0
7,0,10935000,99991,0,5,1011,5300,2,3810,35000,1,0,0,0,0,0,0,0,0,8,1080,0,1,1,3,1487,0,0,0
7,0,10935000,99988,0,5,1111,5300,2,3660,35000,1,0,0,0,0,0,0,0,0,8,1130,0,1,1,3,1487,0,0,0
7,0,10935000,99985,0,5,1411,5300,2,3510,35000,1,0,0,0,0,0,0,0,0,8,980,0,1,1,3,1487,0,0,0
7,0,10935000,99982,0,5,1611,5300,2,3270,35000,1,0,0,0,0,0,0,0,0,8,1020,0,1,1,3,1487,0,0,0
7,0,10935000,99979,0,5,1811,5300,2,3000,35000,1,0,0,0,0,0,0,0,0,8,1090,0,1,1,3,1487,0,0,0
7,0,10935000,99976,0,5,1911,5300,2,2790,35000,1,0,0,0,0,0,0,0,0,8,1200,0,1,1,3,1487,0,0,0
7,0,10935000,99973,0,5,2011,5300,2,2610,35000,1,0,0,0,0,0,0,0,0,8,1280,0,1,1,3,1487,0,0,0
7,10,10935000,100000,0,5,2111,5300,2,2370,35000,1,0,0,0,0,0,0,0,0,8,1400,0,1,1,3,1487,0,0,0
7,10,10935000,100000,0,5,2211,5300,2,2250,35000,1,0,0,0,0,0,0,0,0,8,1390,0,1,1,3,1487,0,0,0
7,10,10935000,100000,0,5,2211,5300,2,2040,35000,1,0,0,0,0,0,0,0,0,8,1560,0,1,1,3,1487,0,0,0
7,10,10935000,100000,0,5,2411,5300,2,1920,35000,1,0,0,0,0,0,0,0,0,8,1460,0,1,1,3,1487,0,0,0
7,10,10935000,100000,0,5,2411,5300,2,1920,35000,1,0,0,0,0,0,0,0,0,8,1460,0,1,1,3,1487,0,0,0
7,10,10935000,100000,0,5,2411,5300,2,1920,35000,1,0,0,0,0,0,0,0,0,8,1460,0,1,1,3,1487,0,0,0
7,10,10935000,100000,0,5,2411,5300,2,1920,35000,1,0,0,0,0,0,0,0,0,8,1460,0,1,1,3,1487,0,0,0
7,10,10935000,100000,0,5,2411,5300,2,1920,35000,1,0,0,0,0,0,0,0,0,8,1460,0,1,1,3,1487,0,0,0
7,10,10935000,100000,0,5,2411,5300,2,1920,35000,1,0,0,0,0,0,0,0,0,8,1460,0,1,1,3,1487,0,0,0
7,10,10935000,100000,0,5,2411,5300,2,1920,35000,1,0,0,0,0,0,0,0,0,8,1460,0,1,1,3,1487,0,0,0
7,10,10935000,100000,0,5,2411,5300,2,1920,35000,1,0,0,0,0,0,0,0,0,8,1460,0,1,1,3,1487,0,0,0
7,10,10935000,100000,0,5,2411,5300,2,1920,35000,1,0,0,0,0,0,0,0,0,8,1460,0,1,1,3,1487,0,0,0
7,10,10935000,100000,0,5,2411,5300,2,1920,35000,1,0,0,0,0,0,0,0,0,8,1460,0,1,1,3,1487,0,0,0
7,10,10935000,100000,0,5,2411,5300,2,1920,35000,1,0,0,0,0,0,0,0,0,8,1460,0,1,1,3,1487,0,0,0
7,10,10935000,100000,0,5,2411,5300,2,1920,35000,1,0,0,0,0,0,0,0,0,8,1460,0,1,1,3,1487,0,0,0
7,10,10935000,100000,0,5,2411,5300,2,1920,35000,1,0,0,0,0,0,0,0,0,8,1460,0,1,1,3,1487,0,0,0
7,10,10935000,100000,0,5,2411,5300,2,1920,35000,1,0,0,0,0,0,0,0,0,8,1460,0,1,1,3,1487,0,0,0
7,10,10935000,100000,0,5,2411,5300,2,1920,35000,1,0,0,0,0,0,0,0,0,8,1460,0,1,1,3,1487,0,0,0
7,10,10935000,100000,0,5,2411,5300,2,1920,35000,1,0,0,0,0,0,0,0,0,8,1460,0,1,1,3,1487,0,0,0
7,10,10935000,100000,0,5,2411,5300,2,1920,35000,1,0,0,0,0,0,0,0,0,8,1460,0,1,1,3,1487,0,0,0
7,10,10935000,100000,0,5,2411,5300,2,1920,35000,1,0,0,0,0,0,0,0,0,8,1460,0,1,1,3,1487,0,0,0
7,10,10935000,100000,0,5,2411,5300,2,1920,35000,1,0,0,0,0,0,0,0,0,8,1460,0,1,1,3,1487,0,0,0
7,10,10935000,100000,0,5,711,5300,2,1800,35000,1,0,0,0,0,0,0,0,0,9,1360,0,1,1,3,1487,0,0,0
7,10,10935000,100000,0,5,911,5300,2,1710,35000,1,0,0,0,0,0,0,0,0,9,1230,0,1,1,3,1487,0,0,0
7,20,10935000,100000,0,5,1211,5300,2,1560,35000,1,0,0,0,0,0,0,0,0,9,1010,0,1,1,3,1487,0,0,0
7,20,10935000,100000,0,5,1211,5300,2,1500,35000,1,0,0,0,0,0,0,0,0,9,730,0,1,1,3,1777,0,0,0
7,20,10935000,100000,0,5,1411,5300,2,1170,35000,1,0,0,0,0,0,0,0,0,9,780,0,1,1,3,1737,0,0,0
7,20,10935000,100000,0,5,1411,5300,2,900,35000,1,0,0,0,0,0,0,0,0,9,990,0,1,1,3,1707,0,0,0
7,20,10935000,100000,0,5,1511,5300,2,880,35000,1,0,0,0,0,0,0,0,0,9,870,0,1,1,3,1687,0,0,0
7,10,10935000,100000,0,5,1707,5300,2,820,35000,1,0,0,0,0,0,0,0,0,9,704,0,1,1,3,1657,0,0,0
7,10,10935000,100000,0,5,1807,5300,2,780,35000,1,0,0,0,0,0,0,0,0,9,624,0,1,1,3,1637,0,0,0
7,10,10935000,100000,0,5,1811,5300,2,720,35000,1,0,0,0,0,0,0,0,0,9,650,0,1,1,3,1607,0,0,0
7,10,10935000,100000,0,5,1811,5300,2,600,35000,1,0,0,0,0,0,0,0,0,9,740,0,1,1,3,1577,0,0,0
7,10,10935000,100000,0,5,1811,5300,2,450,35000,1,0,0,0,0,0,0,0,0,9,860,0,1,1,3,1547,0,0,0
7,0,10935000,99999,0,5,1811,5300,2,360,35000,1,0,0,0,0,0,0,0,0,9,930,0,1,1,3,1517,0,0,0
7,0,10935000,99996,0,5,1811,5300,2,300,35000,1,0,0,0,0,0,0,0,0,9,990,0,1,1,3,1487,0,0,0
7,0,10935000,99993,0,5,1898,5300,2,300,35000,1,0,0,0,0,0,0,0,0,9,903,0,1,1,3,1487,0,0,0
7,0,10935000,99990,0,5,1998,5300,2,300,35000,1,0,0,0,0,0,0,0,0,8,690,0,1,1,3,1487,0,0,0
7,0,10935000,99986,0,5,1998,5300,2,300,35000,1,0,0,0,0,0,0,0,0,8,690,0,1,1,3,1487,0,0,0
7,10,10935000,100000,0,5,1998,5300,2,260,35000,1,0,0,0,0,0,0,0,0,8,720,0,1,1,3,1487,0,0,0
7,10,10935000,100000,0,5,1998,5300,2,200,35000,1,0,0,0,0,0,0,0,0,8,750,0,1,1,3,1487,0,0,0
7,10,10935000,100000,0,5,1998,5300,2,140,35000,1,0,0,0,0,0,0,0,0,8,780,0,1,1,3,1487,0,0,0
7,10,10935000,100000,0,5,1998,5300,2,80,35000,1,0,0,0,0,0,0,0,0,8,810,0,1,0,3,1487,0,0,0
7,10,10935000,100000,0,5,1998,5300,2,40,35000,1,0,0,0,0,0,0,0,0,8,830,0,1,0,3,1487,0,0,0
7,10,10935000,100000,0,5,1998,5300,2,0,35000,1,0,0,0,0,0,0,0,0,8,840,0,1,0,3,1487,0,0,0
7,10,10935000,100000,0,5,1998,5300,2,0,35000,1,0,0,0,0,0,0,0,0,8,800,0,1,0,3,1487,0,0,0
7,10,10935000,100000,0,5,1998,5300,2,0,35000,1,0,0,0,0,0,0,0,0,8,770,0,1,0,3,1487,0,0,0
7,10,10935000,100000,0,5,1998,5300,2,0,35000,1,0,0,0,0,0,0,0,0,8,750,0,1,0,3,1487,0,0,0
7,10,10935000,100000,0,5,1998,5300,2,0,35000,1,0,0,0,0,0,0,0,0,8,720,0,1,0,3,1487,0,0,0
7,20,10935000,100000,0,5,1998,5300,2,0,35000,1,0,0,0,0,0,0,0,0,8,680,0,1,0,3,1487,0,0,0
7,10,10935000,100000,0,5,1998,5300,2,0,35000,1,0,0,0,0,0,0,0,0,8,640,0,1,0,3,1487,0,0,0
7,10,10935000,100000,0,5,1998,5300,2,0,35000,1,0,0,0,0,0,0,0,0,8,610,0,1,0,3,1487,0,0,0
7,10,10935000,100000,0,5,1998,5300,2,0,35000,1,0,0,0,0,0,0,0,0,8,580,0,1,0,3,1487,0,0,0
7,10,10935000,100000,0,5,1998,5300,2,0,35000,1,0,0,0,0,0,0,0,0,8,550,0,1,0,3,1487,0,0,0
7,10,10935000,100000,0,5,1998,5300,2,0,35000,1,0,0,0,0,0,0,0,0,8,520,0,1,0,3,1487,0,0,0
7,10,10935000,100000,0,5,1998,5300,2,0,35000,1,0,0,0,0,0,0,0,0,8,490,0,1,0,3,1487,0,0,0
7,10,10935000,100000,0,5,1998,5300,2,0,35000,1,0,0,0,0,0,0,0,0,8,460,0,1,0,3,1487,0,0,0
7,10,10935000,100000,0,5,1998,5300,2,0,35000,1,0,0,0,0,0,0,0,0,8,430,0,1,0,3,1487,0,0,0
7,10,10935000,100000,0,5,1998,5300,2,0,35000,1,0,0,0,0,0,0,0,0,8,400,0,1,0,3,1487,0,0,0
7,0,10935000,99998,0,5,1998,5300,2,0,35000,1,0,0,0,0,0,0,0,0,8,390,0,1,0,3,1487,0,0,0
7,0,10935000,99995,0,5,1998,5300,2,0,35000,1,0,0,0,0,0,0,0,0,8,390,0,1,0,3,1487,0,0,0
7,0,10935000,99992,0,5,1998,5300,2,0,35000,1,0,0,0,0,0,0,0,0,8,390,0,1,0,3,1487,0,0,0
7,0,10935000,99990,0,5,1998,5300,2,0,35000,1,0,0,0,0,0,0,0,0,8,390,0,1,0,3,1487,0,0,0
7,0,10935000,99986,0,5,1998,5300,2,0,35000,1,0,0,0,0,0,0,0,0,8,390,0,1,0,3,1487,0,0,0
7,0,10935000,99983,0,5,1998,5300,2,0,35000,1,0,0,0,0,0,0,0,0,8,390,0,1,0,3,1487,0,0,0
7,0,10935000,99981,0,5,1998,5300,2,0,35000,1,0,0,0,0,0,0,0,0,8,390,0,1,0,3,1487,0,0,0
7,0,10935000,99978,0,5,1998,5300,2,0,35000,1,0,0,0,0,0,0,0,0,8,390,0,1,0,3,1487,0,0,0
7,0,10935000,99977,0,5,1998,5300,2,0,35000,1,0,0,0,0,0,0,0,0,8,390,0,1,0,3,1487,0,0,0
7,0,10935000,99974,0,5,1998,5300,2,0,35000,1,0,0,0,0,0,0,0,0,8,390,0,1,0,3,1487,0,0,0
7,0,10935000,99971,0,5,1998,5300,2,0,35000,1,0,0,0,0,0,0,0,0,8,390,0,1,0,3,1487,0,0,0
7,0,10935000,99968,0,5,1998,5300,2,0,35000,1,0,0,0,0,0,0,0,0,8,390,0,1,0,3,1487,0,0,0
7,0,10935000,99965,0,5,1998,5300,2,0,35000,1,0,0,0,0,0,0,0,0,8,390,0,1,0,3,1487,0,0,0
7,0,10935000,99963,0,5,1998,5300,2,0,35000,1,0,0,0,0,0,0,0,0,8,390,0,1,0,3,1487,0,0,0
7,0,10935000,99959,0,5,1998,5300,2,0,35000,1,0,0,0,0,0,0,0,0,8,390,0,1,0,3,1487,0,0,0
7,0,10935000,99957,0,5,1998,5300,2,0,35000,1,0,0,0,0,0,0,0,0,8,390,0,1,0,3,1487,0,0,0
7,0,10935000,99953,0,5,1998,5300,2,0,35000,1,0,0,0,0,0,0,0,0,8,390,0,1,0,3,1487,0,0,0
7,0,10935000,99950,0,5,1998,5300,2,0,35000,1,0,0,0,0,0,0,0,0,8,390,0,1,0,3,1487,0,0,0
7,0,10935000,99947,0,5,1998,5300,2,2880,35000,1,0,0,0,0,0,0,0,0,8,510,0,1,0,3,1487,0,0,0
7,0,10935000,99945,0,5,1998,5300,2,2760,35000,1,0,0,0,0,0,0,0,0,8,630,0,1,0,3,1487,0,0,0
7,0,10935000,99941,0,5,1998,5300,2,2520,35000,1,0,0,0,0,0,0,0,0,8,870,0,1,0,3,1487,0,0,0
7,0,10935000,99938,0,5,1998,5300,2,2340,35000,1,0,0,0,0,0,0,0,0,8,1050,0,1,0,3,1487,0,0,0
7,0,10935000,99936,0,5,1998,5300,2,2220,35000,1,0,0,0,0,0,0,0,0,8,1170,0,1,0,3,1487,0,0,0
7,0,10935000,99933,0,5,1998,5300,2,2100,35000,1,0,0,0,0,0,0,0,0,8,1290,0,1,0,3,1487,0,0,0
7,0,10935000,99930,0,5,1998,5300,2,2100,35000,1,0,0,0,0,0,0,0,0,8,1290,0,1,0,3,1487,0,0,0
7,0,10935000,99928,0,5,1998,5300,2,2100,35000,1,0,0,0,0,0,0,0,0,8,1290,0,1,0,3,1487,0,0,0
7,0,10935000,99925,0,5,1998,5300,2,2100,35000,1,0,0,0,0,0,0,0,0,8,1290,0,1,0,3,1487,0,0,0
7,0,10935000,99922,0,5,1998,5300,2,2100,35000,1,0,0,0,0,0,0,0,0,8,1290,0,1,0,3,1487,0,0,0
7,10,10935000,100000,0,5,1998,5300,2,2100,35000,1,0,0,0,0,0,0,0,0,8,1280,0,1,0,3,1487,0,0,0
7,10,10935000,100000,0,5,1998,5300,2,2100,35000,1,0,0,0,0,0,0,0,0,8,1260,0,1,0,3,1487,0,0,0
7,10,10935000,100000,0,5,1998,5300,2,2100,35000,1,0,0,0,0,0,0,0,0,8,1230,0,1,0,3,1487,0,0,0
7,20,10935000,100000,0,5,1998,5300,2,2100,35000,1,0,0,0,0,0,0,0,0,8,1170,0,1,0,3,1487,0,0,0
7,20,10935000,100000,0,5,1998,5300,2,5100,35000,1,0,0,0,0,0,0,0,0,8,1110,0,1,0,3,1487,0,0,0
7,30,10935000,100000,0,5,1998,5300,2,4830,35000,1,0,0,0,0,0,0,0,0,8,1300,0,1,0,3,1487,0,0,0
7,30,10935000,100000,0,5,1998,5300,2,4710,35000,1,0,0,0,0,0,0,0,0,8,1330,0,1,0,3,1487,0,0,0
7,30,10935000,100000,0,5,2198,5300,2,4620,35000,1,0,0,0,0,0,0,0,0,8,1130,0,1,0,3,1487,0,0,0
7,30,10935000,100000,0,5,2298,5300,2,4530,35000,1,0,0,0,0,0,0,0,0,8,1030,0,1,0,3,1487,0,0,0
7,30,10935000,100000,0,5,2398,5300,2,4470,35000,1,0,0,0,0,0,0,0,0,8,930,0,1,0,3,1487,0,0,0
7,30,10935000,100000,0,5,2498,5300,2,4320,35000,1,0,0,0,0,0,0,0,0,9,890,0,1,0,3,1487,0,0,0
7,20,10935000,100000,0,5,400,5300,2,4110,35000,1,0,0,0,0,0,0,0,0,9,730,0,1,1,3,1487,0,0,0
7,20,10935000,100000,0,5,500,5300,2,3960,35000,1,0,0,0,0,0,0,0,0,9,720,0,1,1,3,1487,0,0,0
7,10,10935000,100000,0,5,500,5300,2,3810,35000,1,0,0,0,0,0,0,0,0,9,830,0,1,1,3,1487,0,0,0
7,10,10935000,100000,0,5,500,5300,2,3650,35000,1,0,0,0,0,0,0,0,0,9,970,0,1,1,3,1487,0,0,0
7,10,10935000,100000,0,5,600,5300,2,3540,35000,1,0,0,0,0,0,0,0,0,9,950,0,1,1,3,1487,0,0,0
7,0,10935000,99997,0,5,800,5300,2,3350,35000,1,0,0,0,0,0,0,0,0,9,940,0,1,1,3,1487,0,0,0
7,0,10935000,99994,0,5,800,5300,2,3080,35000,1,0,0,0,0,0,0,0,0,9,1210,0,1,1,3,1487,0,0,0
7,10,10935000,100000,0,5,900,5300,2,2840,35000,1,0,0,0,0,0,0,0,0,9,1340,0,1,1,3,1487,0,0,0
7,10,10935000,100000,0,5,1000,5300,2,2570,35000,1,0,0,0,0,0,0,0,0,9,1480,0,1,1,3,1487,0,0,0
7,10,10935000,100000,0,5,1100,5300,2,2390,35000,1,0,0,0,0,0,0,0,0,9,1230,0,1,1,3,1787,0,0,0
7,10,10935000,100000,0,5,1100,5300,2,2300,35000,1,0,0,0,0,0,0,0,0,9,1300,0,1,1,3,1767,0,0,0
7,10,10935000,100000,0,5,1200,5300,2,2180,35000,1,0,0,0,0,0,0,0,0,9,1300,0,1,1,3,1747,0,0,0
7,10,10935000,100000,0,5,1400,5300,2,1970,35000,1,0,0,0,0,0,0,0,0,9,1280,0,1,1,3,1717,0,0,0
7,10,10935000,100000,0,5,1500,5300,2,1780,35000,1,0,0,0,0,0,0,0,0,9,1340,0,1,1,3,1687,0,0,0
7,10,10935000,100000,0,5,1500,5300,2,1630,35000,1,0,0,0,0,0,0,0,0,9,1460,0,1,1,3,1657,0,0,0
7,10,10935000,100000,0,5,1600,5300,2,1530,35000,1,0,0,0,0,0,0,0,0,9,1440,0,1,1,3,1637,0,0,0
7,20,10935000,100000,0,5,1700,5300,2,1350,35000,1,0,0,0,0,0,0,0,0,9,1440,0,1,1,3,1597,0,0,0
7,20,10935000,100000,0,5,1700,5300,2,1290,35000,1,0,0,0,0,0,0,0,0,9,1440,0,1,1,3,1567,0,0,0
7,20,10935000,100000,0,5,1800,5300,2,1200,35000,1,0,0,0,0,0,0,0,0,9,1380,0,1,1,3,1537,0,0,0
7,20,10935000,100000,0,5,2000,5300,2,1200,35000,1,0,0,0,0,0,0,0,0,9,1120,0,1,1,3,1507,0,0,0
7,20,10935000,100000,0,5,2000,5300,2,1200,35000,1,0,0,0,0,0,0,0,0,9,1060,0,1,1,3,1487,0,0,0
7,20,10935000,100000,0,5,2000,5300,2,1200,35000,1,0,0,0,0,0,0,0,0,9,1020,0,1,1,3,1487,0,0,0
7,20,10935000,100000,0,5,2000,5300,2,1200,35000,1,0,0,0,0,0,0,0,0,9,980,0,1,1,3,1487,0,0,0
7,30,10935000,100000,0,5,2298,5300,2,1200,35000,1,0,0,0,0,0,0,0,0,9,592,0,1,1,3,1487,0,0,0
7,30,10935000,100000,0,5,2300,5300,2,1200,35000,1,0,0,0,0,0,0,0,0,9,500,0,1,1,3,1487,0,0,0
7,30,10935000,100000,0,5,2300,5300,2,1200,35000,1,0,0,0,0,0,0,0,0,9,410,0,1,1,3,1487,0,0,0
7,20,10935000,100000,0,5,2300,5300,2,1200,35000,1,0,0,0,0,0,0,0,0,9,340,0,1,1,3,1487,0,0,0
7,20,10935000,100000,0,5,2300,5300,2,1200,35000,1,0,0,0,0,0,0,0,0,9,280,0,1,1,3,1487,0,0,0
7,20,10935000,100000,0,5,2300,5300,2,1200,35000,1,0,0,0,0,0,0,0,0,9,200,0,1,1,3,1487,0,0,0
7,10,10935000,100000,0,5,2300,5300,2,1200,35000,1,0,0,0,0,0,0,0,0,9,180,0,1,1,3,1487,0,0,0
7,10,10935000,100000,0,5,2300,5300,2,1200,35000,1,0,0,0,0,0,0,0,0,9,150,0,1,1,3,1487,0,0,0
7,10,10935000,100000,0,5,2300,5300,2,1140,35000,1,0,0,0,0,0,0,0,0,9,180,0,1,1,3,1487,0,0,0
7,10,10935000,100000,0,5,2300,5300,2,1080,35000,1,0,0,0,0,0,0,0,0,8,210,0,1,1,3,1487,0,0,0
7,0,10935000,99996,0,5,2300,5300,2,1000,35000,1,0,0,0,0,0,0,0,0,8,290,0,1,1,3,1487,0,0,0
7,0,10935000,99994,0,5,2300,5300,2,920,35000,1,0,0,0,0,0,0,0,0,8,370,0,1,0,3,1487,0,0,0
7,0,10935000,99990,0,5,2300,5300,2,780,35000,1,0,0,0,0,0,0,0,0,8,510,0,1,0,3,1487,0,0,0
7,0,10935000,99987,0,5,2300,5300,2,720,35000,1,0,0,0,0,0,0,0,0,8,570,0,1,0,3,1487,0,0,0
7,0,10935000,99984,0,5,2300,5300,2,660,35000,1,0,0,0,0,0,0,0,0,8,630,0,1,0,3,1487,0,0,0
7,0,10935000,99981,0,5,2300,5300,2,540,35000,1,0,0,0,0,0,0,0,0,8,750,0,1,0,3,1487,0,0,0
7,0,10935000,99978,0,5,2300,5300,2,480,35000,1,0,0,0,0,0,0,0,0,8,810,0,1,0,3,1487,0,0,0
7,0,10935000,99974,0,5,2300,5300,2,340,35000,1,0,0,0,0,0,0,0,0,8,950,0,1,0,3,1487,0,0,0
7,10,10935000,100000,0,5,2300,5300,2,240,35000,1,0,0,0,0,0,0,0,0,8,1030,0,1,0,3,1487,0,0,0
7,10,10935000,100000,0,5,2300,5300,2,60,35000,1,0,0,0,0,0,0,0,0,8,1170,0,1,0,3,1487,0,0,0
7,10,10935000,100000,0,5,2300,5300,2,0,35000,1,0,0,0,0,0,0,0,0,8,1200,0,1,0,3,1487,0,0,0
7,20,10935000,100000,0,5,1,5300,2,0,35000,1,0,0,0,0,0,0,0,0,9,1050,0,1,1,3,1487,0,0,0
7,20,10935000,100000,0,5,204,5300,2,0,35000,1,0,0,0,0,0,0,0,0,9,790,0,1,1,3,1487,0,0,0
7,20,10935000,100000,0,5,208,5300,2,0,35000,1,0,0,0,0,0,0,0,0,9,710,0,1,1,3,1487,0,0,0
7,30,10935000,100000,0,5,211,5300,2,0,35000,1,0,0,0,0,0,0,0,0,9,630,0,1,1,3,1487,0,0,0
7,30,10935000,100000,0,5,214,5300,2,0,35000,1,0,0,0,0,0,0,0,0,9,540,0,1,1,3,1487,0,0,0
7,30,10935000,100000,0,5,217,5300,2,0,35000,1,0,0,0,0,0,0,0,0,9,450,0,1,1,3,1487,0,0,0
7,20,10935000,100000,0,5,220,5300,2,0,35000,1,0,0,0,0,0,0,0,0,9,370,0,1,1,3,1487,0,0,0
7,20,10935000,100000,0,5,223,5300,2,0,35000,1,0,0,0,0,0,0,0,0,9,310,0,1,1,3,1487,0,0,0
7,20,10935000,100000,0,5,226,5300,2,0,35000,1,0,0,0,0,0,0,0,0,9,250,0,1,1,3,1487,0,0,0
7,20,10935000,100000,0,5,229,5300,2,0,35000,1,0,0,0,0,0,0,0,0,9,190,0,1,1,3,1487,0,0,0
7,10,10935000,100000,0,5,232,5300,2,0,35000,1,0,0,0,0,0,0,0,0,9,160,0,1,1,3,1487,0,0,0
7,10,10935000,100000,0,5,235,5300,2,0,35000,1,0,0,0,0,0,0,0,0,9,130,0,1,1,3,1487,0,0,0
7,10,10935000,100000,0,5,238,5300,2,0,35000,1,0,0,0,0,0,0,0,0,9,100,0,1,1,3,1487,0,0,0
7,0,10935000,99998,0,5,241,5300,2,0,35000,1,0,0,0,0,0,0,0,0,9,90,0,1,1,3,1487,0,0,0
7,0,10935000,99994,0,5,245,5300,2,0,35000,1,0,0,0,0,0,0,0,0,9,90,0,1,1,3,1487,0,0,0
7,0,10935000,99992,0,5,247,5300,2,0,35000,1,0,0,0,0,0,0,0,0,9,90,0,1,1,3,1487,0,0,0
7,0,10935000,99989,0,5,250,5300,2,0,35000,1,0,0,0,0,0,0,0,0,9,90,0,1,1,3,1487,0,0,0
7,0,10935000,99985,0,5,254,5300,2,0,35000,1,0,0,0,0,0,0,0,0,9,90,0,1,1,3,1487,0,0,0
7,0,10935000,99983,0,5,256,5300,2,0,35000,1,0,0,0,0,0,0,0,0,9,90,0,1,1,3,1487,0,0,0
7,0,10935000,99980,0,5,259,5300,2,0,35000,1,0,0,0,0,0,0,0,0,9,90,0,1,1,3,1487,0,0,0
7,0,10935000,99976,0,5,263,5300,2,0,35000,1,0,0,0,0,0,0,0,0,9,90,0,1,1,3,1487,0,0,0
7,0,10935000,99973,0,5,266,5300,2,0,35000,1,0,0,0,0,0,0,0,0,9,90,0,1,1,3,1487,0,0,0
7,0,10935000,99970,0,5,269,5300,2,0,35000,1,0,0,0,0,0,0,0,0,9,90,0,1,1,3,1487,0,0,0
7,0,10935000,99967,0,5,272,5300,2,0,35000,1,0,0,0,0,0,0,0,0,9,90,0,1,1,3,1487,0,0,0
7,0,10935000,99964,0,5,275,5300,2,0,35000,1,0,0,0,0,0,0,0,0,9,90,0,1,1,3,1487,0,0,0
7,0,10935000,99961,0,5,278,5300,2,0,35000,1,0,0,0,0,0,0,0,0,9,90,0,1,1,3,1487,0,0,0
7,0,10935000,99959,0,5,280,5300,2,0,35000,1,0,0,0,0,0,0,0,0,9,90,0,1,1,3,1487,0,0,0
7,0,10935000,99956,0,5,283,5300,2,0,35000,1,0,0,0,0,0,0,0,0,9,90,0,1,1,3,1487,0,0,0
7,0,10935000,99953,0,5,286,5300,2,0,35000,1,0,0,0,0,0,0,0,0,9,90,0,1,1,3,1487,0,0,0
7,0,10935000,99950,0,5,289,5300,2,0,35000,1,0,0,0,0,0,0,0,0,9,90,0,1,1,3,1487,0,0,0
7,0,10935000,99947,0,5,292,5300,2,0,35000,1,0,0,0,0,0,0,0,0,9,90,0,1,1,3,1487,0,0,0
7,0,10935000,99943,0,5,296,5300,2,0,35000,1,0,0,0,0,0,0,0,0,9,90,0,1,1,3,1487,0,0,0
7,0,10935000,99940,0,5,299,5300,2,0,35000,1,0,0,0,0,0,0,0,0,9,90,0,1,0,3,1487,0,0,0
7,0,10935000,99938,0,5,300,5300,2,0,35000,1,0,0,0,0,0,0,0,0,9,90,0,1,0,3,1487,0,0,0
7,0,10935000,99934,0,5,300,5300,2,0,35000,1,0,0,0,0,0,0,0,0,9,90,0,1,0,3,1487,0,0,0
7,0,10935000,99931,0,5,300,5300,2,0,35000,1,0,0,0,0,0,0,0,0,9,90,0,1,0,3,1487,0,0,0
7,0,10935000,99928,0,5,300,5300,2,3000,35000,1,0,0,0,0,0,0,0,0,9,90,0,1,0,3,1487,0,0,0
7,0,10935000,99926,0,5,300,5300,2,2820,35000,1,0,0,0,0,0,0,0,0,9,270,0,1,0,3,1487,0,0,0
7,0,10935000,99923,0,5,300,5300,2,2550,35000,1,0,0,0,0,0,0,0,0,9,540,0,1,0,3,1487,0,0,0
7,0,10935000,99919,0,5,300,5300,2,2190,35000,1,0,0,0,0,0,0,0,0,9,900,0,1,0,3,1487,0,0,0
7,0,10935000,99917,0,5,300,5300,2,2040,35000,1,0,0,0,0,0,0,0,0,9,1050,0,1,0,3,1487,0,0,0
7,0,10935000,99914,0,5,400,5300,2,1860,35000,1,0,0,0,0,0,0,0,0,9,1130,0,1,0,3,1487,0,0,0
7,0,10935000,99911,0,5,500,5300,2,1800,35000,1,0,0,0,0,0,0,0,0,9,1090,0,1,0,3,1487,0,0,0
7,0,10935000,99908,0,5,600,5300,2,1800,35000,1,0,0,0,0,0,0,0,0,9,990,0,1,0,3,1487,0,0,0
7,0,10935000,99905,0,5,600,5300,2,1800,35000,1,0,0,0,0,0,0,0,0,9,990,0,1,0,3,1487,0,0,0
7,0,10935000,99903,0,5,600,5300,2,1770,35000,1,0,0,0,0,0,0,0,0,9,1020,0,1,0,3,1487,0,0,0
7,0,10935000,99900,0,5,600,5300,2,1680,35000,1,0,0,0,0,0,0,0,0,9,1110,0,1,0,3,1487,0,0,0
7,10,10935000,100000,0,5,600,5300,2,1590,35000,1,0,0,0,0,0,0,0,0,9,1190,0,1,0,3,1487,0,0,0
7,10,10935000,100000,0,5,600,5300,2,1530,35000,1,0,0,0,0,0,0,0,0,9,1230,0,1,0,3,1487,0,0,0
7,10,10935000,100000,0,5,600,5300,2,1500,35000,1,0,0,0,0,0,0,0,0,9,1230,0,1,0,3,1487,0,0,0
7,20,10935000,100000,0,5,800,5300,2,1500,35000,1,0,0,0,0,0,0,0,0,9,980,0,1,0,3,1487,0,0,0
7,30,10935000,100000,0,5,900,5300,2,4420,35000,1,0,0,0,0,0,0,0,0,9,890,0,1,0,3,1487,0,0,0
7,30,10935000,100000,0,5,900,5300,2,4260,35000,1,0,0,0,0,0,0,0,0,9,990,0,1,0,3,1487,0,0,0
7,30,10935000,100000,0,5,900,5300,2,3930,35000,1,0,0,0,0,0,0,0,0,9,1230,0,1,0,3,1487,0,0,0
7,30,10935000,100000,0,5,900,5300,2,3660,35000,1,0,0,0,0,0,0,0,0,9,1410,0,1,0,3,1487,0,0,0
7,30,10935000,100000,0,5,1000,5300,2,3480,35000,1,0,0,0,0,0,0,0,0,9,1400,0,1,0,3,1487,0,0,0
7,30,10935000,100000,0,5,1200,5300,2,3360,35000,1,0,0,0,0,0,0,0,0,9,1230,0,1,0,3,1487,0,0,0
7,30,10935000,100000,0,5,1400,5300,2,3240,35000,1,0,0,0,0,0,0,0,0,9,1060,0,1,0,3,1487,0,0,0
7,20,10935000,100000,0,5,1500,5300,2,3060,35000,1,0,0,0,0,0,0,0,0,9,1070,0,1,0,3,1487,0,0,0
7,20,10935000,100000,0,5,1500,5300,2,2700,35000,1,0,0,0,0,0,0,0,0,9,1350,0,1,0,3,1487,0,0,0
7,10,10935000,100000,0,5,1600,5300,2,2520,35000,1,0,0,0,0,0,0,0,0,9,1400,0,1,0,3,1487,0,0,0
7,10,10935000,100000,0,5,1700,5300,2,2340,35000,1,0,0,0,0,0,0,0,0,9,1450,0,1,0,3,1487,0,0,0
7,10,10935000,100000,0,5,101,5300,2,2190,35000,1,0,0,0,0,0,0,0,0,10,1290,0,1,1,3,1487,0,0,0
7,10,10935000,100000,0,5,402,5300,2,2130,35000,1,0,0,0,0,0,0,0,0,10,720,0,1,1,3,1777,0,0,0
7,10,10935000,100000,0,5,802,5300,2,2010,35000,1,0,0,0,0,0,0,0,0,10,410,0,1,1,3,1747,0,0,0
7,10,10935000,100000,0,5,802,5300,2,1750,35000,1,0,0,0,0,0,0,0,0,10,640,0,1,1,3,1717,0,0,0
7,10,10935000,100000,0,5,802,5300,2,1270,35000,1,0,0,0,0,0,0,0,0,10,1090,0,1,1,3,1687,0,0,0
7,10,10935000,100000,0,5,802,5300,2,950,35000,1,0,0,0,0,0,0,0,0,10,1390,0,1,1,3,1667,0,0,0
7,10,10935000,100000,0,5,902,5300,2,560,35000,1,0,0,0,0,0,0,0,0,10,1650,0,1,1,3,1637,0,0,0
7,10,10935000,100000,0,5,1002,5300,2,390,35000,1,0,0,0,0,0,0,0,0,10,1690,0,1,1,3,1607,0,0,0
7,10,10935000,100000,0,5,1502,5300,2,390,35000,1,0,0,0,0,0,0,0,0,10,1160,0,1,1,3,1577,0,0,0
7,10,10935000,100000,0,5,1702,5300,2,300,35000,1,0,0,0,0,0,0,0,0,10,1020,0,1,1,3,1547,0,0,0
7,10,10935000,100000,0,5,1902,5300,2,210,35000,1,0,0,0,0,0,0,0,0,10,880,0,1,1,3,1517,0,0,0
7,10,10935000,100000,0,5,1902,5300,2,30,35000,1,0,0,0,0,0,0,0,0,10,1030,0,1,1,3,1487,0,0,0
7,10,10935000,100000,0,5,1902,5300,2,0,35000,1,0,0,0,0,0,0,0,0,10,1040,0,1,1,3,1487,0,0,0
7,10,10935000,100000,0,5,2002,5300,2,0,35000,1,0,0,0,0,0,0,0,0,10,910,0,1,1,3,1487,0,0,0
7,10,10935000,100000,0,5,2002,5300,2,0,35000,1,0,0,0,0,0,0,0,0,10,890,0,1,1,3,1487,0,0,0
7,10,10935000,100000,0,5,2002,5300,2,0,35000,1,0,0,0,0,0,0,0,0,10,860,0,1,1,3,1487,0,0,0
7,10,10935000,100000,0,5,2002,5300,2,0,35000,1,0,0,0,0,0,0,0,0,10,820,0,1,1,3,1487,0,0,0
7,10,10935000,100000,0,5,2002,5300,2,0,35000,1,0,0,0,0,0,0,0,0,10,800,0,1,1,3,1487,0,0,0
7,10,10935000,100000,0,5,2002,5300,2,0,35000,1,0,0,0,0,0,0,0,0,10,760,0,1,1,3,1487,0,0,0
7,10,10935000,100000,0,5,2002,5300,2,0,35000,1,0,0,0,0,0,0,0,0,10,430,0,1,1,3,1777,0,0,0
7,10,10935000,100000,0,5,2002,5300,2,0,35000,1,0,0,0,0,0,0,0,0,10,400,0,1,1,3,1747,0,0,0
7,0,10935000,99999,0,5,2002,5300,2,0,35000,1,0,0,0,0,0,0,0,0,10,390,0,1,1,3,1727,0,0,0
7,0,10935000,99996,0,5,2002,5300,2,0,35000,1,0,0,0,0,0,0,0,0,10,390,0,1,1,3,1697,0,0,0
7,0,10935000,99994,0,5,2002,5300,2,0,35000,1,0,0,0,0,0,0,0,0,9,390,0,1,1,3,1677,0,0,0
7,0,10935000,99992,0,5,2002,5300,2,0,35000,1,0,0,0,0,0,0,0,0,9,390,0,1,1,3,1657,0,0,0
7,0,10935000,99991,0,5,2002,5300,2,0,35000,1,0,0,0,0,0,0,0,0,9,390,0,1,1,3,1647,0,0,0
7,0,10935000,99989,0,5,2002,5300,2,0,35000,1,0,0,0,0,0,0,0,0,9,390,0,1,1,3,1627,0,0,0
7,0,10935000,99986,0,5,2002,5300,2,0,35000,1,0,0,0,0,0,0,0,0,9,390,0,1,1,3,1597,0,0,0
7,0,10935000,99983,0,5,2002,5300,2,0,35000,1,0,0,0,0,0,0,0,0,9,390,0,1,1,3,1567,0,0,0
7,0,10935000,99980,0,5,2002,5300,2,0,35000,1,0,0,0,0,0,0,0,0,9,390,0,1,1,3,1537,0,0,0
7,0,10935000,99977,0,5,2002,5300,2,0,35000,1,0,0,0,0,0,0,0,0,9,390,0,1,1,3,1507,0,0,0
7,0,10935000,99974,0,5,2002,5300,2,0,35000,1,0,0,0,0,0,0,0,0,9,390,0,1,0,3,1487,0,0,0
7,0,10935000,99971,0,5,2002,5300,2,0,35000,1,0,0,0,0,0,0,0,0,9,390,0,1,0,3,1487,0,0,0
7,0,10935000,99968,0,5,2002,5300,2,0,35000,1,0,0,0,0,0,0,0,0,9,390,0,1,0,3,1487,0,0,0
7,0,10935000,99965,0,5,2002,5300,2,0,35000,1,0,0,0,0,0,0,0,0,9,390,0,1,0,3,1487,0,0,0
7,0,10935000,99962,0,5,2002,5300,2,0,35000,1,0,0,0,0,0,0,0,0,9,390,0,1,0,3,1487,0,0,0
7,0,10935000,99959,0,5,2002,5300,2,0,35000,1,0,0,0,0,0,0,0,0,9,390,0,1,0,3,1487,0,0,0
7,0,10935000,99957,0,5,2002,5300,2,0,35000,1,0,0,0,0,0,0,0,0,9,390,0,1,0,3,1487,0,0,0
7,0,10935000,99953,0,5,2002,5300,2,0,35000,1,0,0,0,0,0,0,0,0,9,390,0,1,0,3,1487,0,0,0
7,0,10935000,99951,0,5,2002,5300,2,0,35000,1,0,0,0,0,0,0,0,0,9,390,0,1,0,3,1487,0,0,0
7,0,10935000,99947,0,5,2002,5300,2,0,35000,1,0,0,0,0,0,0,0,0,9,390,0,1,0,3,1487,0,0,0
7,0,10935000,99945,0,5,2002,5300,2,0,35000,1,0,0,0,0,0,0,0,0,9,390,0,1,0,3,1487,0,0,0
7,0,10935000,99942,0,5,2002,5300,2,0,35000,1,0,0,0,0,0,0,0,0,9,390,0,1,0,3,1487,0,0,0
7,0,10935000,99939,0,5,2002,5300,2,0,35000,1,0,0,0,0,0,0,0,0,9,390,0,1,0,3,1487,0,0,0
7,0,10935000,99939,0,5,2002,5300,2,0,35000,1,0,0,0,0,0,0,0,0,9,390,0,1,0,3,1487,0,0,0
7,0,10935000,99939,0,5,2002,5300,2,0,35000,1,0,0,0,0,0,0,0,0,9,390,0,1,0,3,1487,0,0,0
7,0,10935000,99939,0,5,2002,5300,2,0,35000,1,0,0,0,0,0,0,0,0,9,390,0,1,0,3,1487,0,0,0
7,0,10935000,99939,0,5,2002,5300,2,0,35000,1,0,0,0,0,0,0,0,0,9,390,0,1,0,3,1487,0,0,0
7,0,10935000,99939,0,5,2002,5300,2,0,35000,1,0,0,0,0,0,0,0,0,9,390,0,1,0,3,1487,0,0,0
7,0,10935000,99939,0,5,2002,5300,2,0,35000,1,0,0,0,0,0,0,0,0,9,390,0,1,0,3,1487,0,0,0
7,0,10935000,99939,0,5,2002,5300,2,0,35000,1,0,0,0,0,0,0,0,0,9,390,0,1,0,3,1487,0,0,0
7,0,10935000,99939,0,5,2002,5300,2,0,35000,1,0,0,0,0,0,0,0,0,9,390,0,1,0,3,1487,0,0,0
7,0,10935000,99939,0,5,2002,5300,2,0,35000,1,0,0,0,0,0,0,0,0,9,390,0,1,0,3,1487,0,0,0
7,0,10935000,99939,0,5,2002,5300,2,0,35000,1,0,0,0,0,0,0,0,0,9,390,0,1,0,3,1487,0,0,0
7,0,10935000,99939,0,5,2002,5300,2,0,35000,1,0,0,0,0,0,0,0,0,9,390,0,1,0,3,1487,0,0,0
7,0,10935000,99939,0,5,2002,5300,2,0,35000,1,0,0,0,0,0,0,0,0,9,390,0,1,0,3,1487,0,0,0
7,0,10935000,99939,0,5,2002,5300,2,0,35000,1,0,0,0,0,0,0,0,0,9,390,0,1,0,3,1487,0,0,0
7,0,10935000,99939,0,5,2002,5300,2,0,35000,1,0,0,0,0,0,0,0,0,9,390,0,1,0,3,1487,0,0,0
7,0,10935000,99939,0,5,2002,5300,2,0,35000,1,0,0,0,0,0,0,0,0,9,390,0,1,0,3,1487,0,0,0
7,0,10935000,99939,0,5,2002,5300,2,0,35000,1,0,0,0,0,0,0,0,0,9,390,0,1,0,3,1487,0,0,0
7,0,10935000,99939,0,5,2002,5300,2,0,35000,1,0,0,0,0,0,0,0,0,9,390,0,1,0,3,1487,0,0,0
7,0,10935000,99939,0,5,2002,5300,2,0,35000,1,0,0,0,0,0,0,0,0,9,390,0,1,0,3,1487,0,0,0
7,0,10935000,99939,0,5,2002,5300,2,0,35000,1,0,0,0,0,0,0,0,0,9,390,0,1,0,3,1487,0,0,0
7,0,10935000,99939,0,5,2002,5300,2,0,35000,1,0,0,0,0,0,0,0,0,9,390,0,1,0,3,1487,0,0,0
7,0,10935000,99939,0,5,2002,5300,2,0,35000,1,0,0,0,0,0,0,0,0,9,390,0,1,0,3,1487,0,0,0
7,0,10935000,99939,0,5,2002,5300,2,0,35000,1,0,0,0,0,0,0,0,0,9,390,0,1,0,3,1487,0,0,0
7,0,10935000,99939,0,5,2002,5300,2,0,35000,1,0,0,0,0,0,0,0,0,9,390,0,1,0,3,1487,0,0,0
7,0,10935000,99939,0,5,2002,5300,2,0,35000,1,0,0,0,0,0,0,0,0,9,390,0,1,0,3,1487,0,0,0
7,0,10935000,99939,0,5,2002,5300,2,0,35000,1,0,0,0,0,0,0,0,0,9,390,0,1,0,3,1487,0,0,0
7,0,10935000,99939,0,5,2002,5300,2,0,35000,1,0,0,0,0,0,0,0,0,9,390,0,1,0,3,1487,0,0,0
7,0,10935000,99939,0,5,2002,5300,2,0,35000,1,0,0,0,0,0,0,0,0,9,390,0,1,0,3,1487,0,0,0
7,0,10935000,99939,0,5,2002,5300,2,0,35000,1,0,0,0,0,0,0,0,0,9,390,0,1,0,3,1487,0,0,0
7,0,10935000,99939,0,5,2002,5300,2,0,35000,1,0,0,0,0,0,0,0,0,9,390,0,1,0,3,1487,0,0,0
7,0,10935000,99939,0,5,2002,5300,2,0,35000,1,0,0,0,0,0,0,0,0,9,390,0,1,0,3,1487,0,0,0
7,0,10935000,99939,0,5,2002,5300,2,0,35000,1,0,0,0,0,0,0,0,0,9,390,0,1,0,3,1487,0,0,0
7,0,10935000,99939,0,5,2002,5300,2,0,35000,1,0,0,0,0,0,0,0,0,9,390,0,1,0,3,1487,0,0,0
7,0,10935000,99939,0,5,2002,5300,2,0,35000,1,0,0,0,0,0,0,0,0,9,390,0,1,0,3,1487,0,0,0
7,0,10935000,99939,0,5,2002,5300,2,0,35000,1,0,0,0,0,0,0,0,0,9,390,0,1,0,3,1487,0,0,0
7,0,10935000,99939,0,5,2002,5300,2,0,35000,1,0,0,0,0,0,0,0,0,9,390,0,1,0,3,1487,0,0,0
7,0,10935000,99939,0,5,2002,5300,2,0,35000,1,0,0,0,0,0,0,0,0,9,390,0,1,0,3,1487,0,0,0
7,0,10935000,99939,0,5,2002,5300,2,0,35000,1,0,0,0,0,0,0,0,0,9,390,0,1,0,3,1487,0,0,0
7,0,10935000,99939,0,5,2002,5300,2,0,35000,1,0,0,0,0,0,0,0,0,9,390,0,1,0,3,1487,0,0,0
7,0,10935000,99939,0,5,2002,5300,2,0,35000,1,0,0,0,0,0,0,0,0,9,390,0,1,0,3,1487,0,0,0
7,0,10935000,99939,0,5,2002,5300,2,0,35000,1,0,0,0,0,0,0,0,0,9,390,0,1,0,3,1487,0,0,0
7,0,10935000,99939,0,5,2002,5300,2,0,35000,1,0,0,0,0,0,0,0,0,9,390,0,1,0,3,1487,0,0,0
7,0,10935000,99939,0,5,2002,5300,2,0,35000,1,0,0,0,0,0,0,0,0,9,390,0,1,0,3,1487,0,0,0
7,0,10935000,99939,0,5,2002,5300,2,0,35000,1,0,0,0,0,0,0,0,0,9,390,0,1,0,3,1487,0,0,0
7,0,10935000,99939,0,5,2002,5300,2,0,35000,1,0,0,0,0,0,0,0,0,9,390,0,1,0,3,1487,0,0,0
7,0,10935000,99939,0,5,2002,5300,2,0,35000,1,0,0,0,0,0,0,0,0,9,390,0,1,0,3,1487,0,0,0
7,0,10935000,99939,0,5,2002,5300,2,0,35000,1,0,0,0,0,0,0,0,0,9,390,0,1,0,3,1487,0,0,0
7,0,10935000,99939,0,5,2002,5300,2,0,35000,1,0,0,0,0,0,0,0,0,9,390,0,1,0,3,1487,0,0,0
7,0,10935000,99939,0,5,2002,5300,2,0,35000,1,0,0,0,0,0,0,0,0,9,390,0,1,0,3,1487,0,0,0
7,0,10935000,99939,0,5,2002,5300,2,0,35000,1,0,0,0,0,0,0,0,0,9,390,0,1,0,3,1487,0,0,0
7,0,10935000,99939,0,5,2002,5300,2,0,35000,1,0,0,0,0,0,0,0,0,9,390,0,1,0,3,1487,0,0,0
7,0,10935000,99939,0,5,2002,5300,2,0,35000,1,0,0,0,0,0,0,0,0,9,390,0,1,0,3,1487,0,0,0
7,0,10935000,99939,0,5,2002,5300,2,0,35000,1,0,0,0,0,0,0,0,0,9,390,0,1,0,3,1487,0,0,0
7,0,10935000,99939,0,5,2002,5300,2,0,35000,1,0,0,0,0,0,0,0,0,9,390,0,1,0,3,1487,0,0,0
7,0,10935000,99939,0,5,2002,5300,2,0,35000,1,0,0,0,0,0,0,0,0,9,390,0,1,0,3,1487,0,0,0
7,0,10935000,99939,0,5,2002,5300,2,0,35000,1,0,0,0,0,0,0,0,0,9,390,0,1,0,3,1487,0,0,0
7,0,10935000,99939,0,5,2002,5300,2,0,35000,1,0,0,0,0,0,0,0,0,9,390,0,1,0,3,1487,0,0,0
7,0,10935000,99939,0,5,2002,5300,2,0,35000,1,0,0,0,0,0,0,0,0,9,390,0,1,0,3,1487,0,0,0
7,0,10935000,99939,0,5,2002,5300,2,0,35000,1,0,0,0,0,0,0,0,0,9,390,0,1,0,3,1487,0,0,0
7,0,10935000,99939,0,5,2002,5300,2,0,35000,1,0,0,0,0,0,0,0,0,9,390,0,1,0,3,1487,0,0,0
7,0,10935000,99939,0,5,2002,5300,2,0,35000,1,0,0,0,0,0,0,0,0,9,390,0,1,0,3,1487,0,0,0
7,0,10935000,99939,0,5,2002,5300,2,0,35000,1,0,0,0,0,0,0,0,0,9,390,0,1,0,3,1487,0,0,0
7,0,10935000,99939,0,5,2002,5300,2,0,35000,1,0,0,0,0,0,0,0,0,9,390,0,1,0,3,1487,0,0,0
7,0,10935000,99939,0,5,2002,5300,2,0,35000,1,0,0,0,0,0,0,0,0,9,390,0,1,0,3,1487,0,0,0
7,0,10935000,99939,0,5,2002,5300,2,0,35000,1,0,0,0,0,0,0,0,0,9,390,0,1,0,3,1487,0,0,0
7,0,10935000,99939,0,5,2002,5300,2,0,35000,1,0,0,0,0,0,0,0,0,9,390,0,1,0,3,1487,0,0,0
7,0,10935000,99939,0,5,2002,5300,2,0,35000,1,0,0,0,0,0,0,0,0,9,390,0,1,0,3,1487,0,0,0
7,0,10935000,99939,0,5,2002,5300,2,0,35000,1,0,0,0,0,0,0,0,0,9,390,0,1,0,3,1487,0,0,0
7,0,10935000,99939,0,5,2002,5300,2,0,35000,1,0,0,0,0,0,0,0,0,9,390,0,1,0,3,1487,0,0,0
7,0,10935000,99939,0,5,2002,5300,2,0,35000,1,0,0,0,0,0,0,0,0,9,390,0,1,0,3,1487,0,0,0
7,0,10935000,99939,0,5,2002,5300,2,0,35000,1,0,0,0,0,0,0,0,0,9,390,0,1,0,3,1487,0,0,0
7,0,10935000,99939,0,5,2002,5300,2,0,35000,1,0,0,0,0,0,0,0,0,9,390,0,1,0,3,1487,0,0,0
7,0,10935000,99939,0,5,2002,5300,2,0,35000,1,0,0,0,0,0,0,0,0,9,390,0,1,0,3,1487,0,0,0
7,0,10935000,99939,0,5,2002,5300,2,0,35000,1,0,0,0,0,0,0,0,0,9,390,0,1,0,3,1487,0,0,0
7,0,10935000,99939,0,5,2002,5300,2,0,35000,1,0,0,0,0,0,0,0,0,9,390,0,1,0,3,1487,0,0,0
7,0,10935000,99939,0,5,2002,5300,2,0,35000,1,0,0,0,0,0,0,0,0,9,390,0,1,0,3,1487,0,0,0
7,0,10935000,99939,0,5,2002,5300,2,0,35000,1,0,0,0,0,0,0,0,0,9,390,0,1,0,3,1487,0,0,0
7,0,10935000,99939,0,5,2002,5300,2,0,35000,1,0,0,0,0,0,0,0,0,9,390,0,1,0,3,1487,0,0,0
7,0,10935000,99939,0,5,2002,5300,2,0,35000,1,0,0,0,0,0,0,0,0,9,390,0,1,0,3,1487,0,0,0
7,0,10935000,99939,0,5,2002,5300,2,0,35000,1,0,0,0,0,0,0,0,0,9,390,0,1,0,3,1487,0,0,0
7,0,10935000,99939,0,5,2002,5300,2,0,35000,1,0,0,0,0,0,0,0,0,9,390,0,1,0,3,1487,0,0,0
7,0,10935000,99939,0,5,2002,5300,2,0,35000,1,0,0,0,0,0,0,0,0,9,390,0,1,0,3,1487,0,0,0
7,0,10935000,99939,0,5,2002,5300,2,0,35000,1,0,0,0,0,0,0,0,0,9,390,0,1,0,3,1487,0,0,0
7,0,10935000,99939,0,5,2002,5300,2,0,35000,1,0,0,0,0,0,0,0,0,9,390,0,1,0,3,1487,0,0,0
7,0,10935000,99939,0,5,2002,5300,2,0,35000,1,0,0,0,0,0,0,0,0,9,390,0,1,0,3,1487,0,0,0
7,0,10935000,99939,0,5,2002,5300,2,0,35000,1,0,0,0,0,0,0,0,0,9,390,0,1,0,3,1487,0,0,0
7,0,10935000,99939,0,5,2002,5300,2,0,35000,1,0,0,0,0,0,0,0,0,9,390,0,1,0,3,1487,0,0,0
7,0,10935000,99939,0,5,2002,5300,2,0,35000,1,0,0,0,0,0,0,0,0,9,390,0,1,0,3,1487,0,0,0
7,0,10935000,99939,0,5,2002,5300,2,0,35000,1,0,0,0,0,0,0,0,0,9,390,0,1,0,3,1487,0,0,0
7,0,10935000,99939,0,5,2002,5300,2,0,35000,1,0,0,0,0,0,0,0,0,9,390,0,1,0,3,1487,0,0,0
7,0,10935000,99939,0,5,2002,5300,2,0,35000,1,0,0,0,0,0,0,0,0,9,390,0,1,0,3,1487,0,0,0
7,0,10935000,99939,0,5,2002,5300,2,0,35000,1,0,0,0,0,0,0,0,0,9,390,0,1,0,3,1487,0,0,0
7,0,10935000,99939,0,5,2002,5300,2,0,35000,1,0,0,0,0,0,0,0,0,9,390,0,1,0,3,1487,0,0,0
7,0,10935000,99939,0,5,2002,5300,2,0,35000,1,0,0,0,0,0,0,0,0,9,390,0,1,0,3,1487,0,0,0
7,0,10935000,99939,0,5,2002,5300,2,0,35000,1,0,0,0,0,0,0,0,0,9,390,0,1,0,3,1487,0,0,0
7,0,10935000,99939,0,5,2002,5300,2,0,35000,1,0,0,0,0,0,0,0,0,9,390,0,1,0,3,1487,0,0,0
7,0,10935000,99939,0,5,2002,5300,2,0,35000,1,0,0,0,0,0,0,0,0,9,390,0,1,0,3,1487,0,0,0
7,0,10935000,99939,0,5,2002,5300,2,0,35000,1,0,0,0,0,0,0,0,0,9,390,0,1,0,3,1487,0,0,0
7,0,10935000,99939,0,5,2002,5300,2,0,35000,1,0,0,0,0,0,0,0,0,9,390,0,1,0,3,1487,0,0,0
7,0,10935000,99939,0,5,2002,5300,2,0,35000,1,0,0,0,0,0,0,0,0,9,390,0,1,0,3,1487,0,0,0
7,0,10935000,99939,0,5,2002,5300,2,0,35000,1,0,0,0,0,0,0,0,0,9,390,0,1,0,3,1487,0,0,0
7,0,10935000,99939,0,5,2002,5300,2,0,35000,1,0,0,0,0,0,0,0,0,9,390,0,1,0,3,1487,0,0,0
7,0,10935000,99939,0,5,2002,5300,2,0,35000,1,0,0,0,0,0,0,0,0,9,390,0,1,0,3,1487,0,0,0
7,0,10935000,99939,0,5,2002,5300,2,0,35000,1,0,0,0,0,0,0,0,0,9,390,0,1,0,3,1487,0,0,0
7,0,10935000,99939,0,5,2002,5300,2,0,35000,1,0,0,0,0,0,0,0,0,9,390,0,1,0,3,1487,0,0,0
7,0,10935000,99939,0,5,2002,5300,2,0,35000,1,0,0,0,0,0,0,0,0,9,390,0,1,0,3,1487,0,0,0
7,0,10935000,99939,0,5,2002,5300,2,0,35000,1,0,0,0,0,0,0,0,0,9,390,0,1,0,3,1487,0,0,0
7,0,10935000,99939,0,5,2002,5300,2,0,35000,1,0,0,0,0,0,0,0,0,9,390,0,1,0,3,1487,0,0,0
7,0,10935000,99939,0,5,2002,5300,2,0,35000,1,0,0,0,0,0,0,0,0,9,390,0,1,0,3,1487,0,0,0
7,0,10935000,99939,0,5,2002,5300,2,0,35000,1,0,0,0,0,0,0,0,0,9,390,0,1,0,3,1487,0,0,0
7,0,10935000,99939,0,5,2002,5300,2,0,35000,1,0,0,0,0,0,0,0,0,9,390,0,1,0,3,1487,0,0,0
7,0,10935000,99939,0,5,2002,5300,2,0,35000,1,0,0,0,0,0,0,0,0,9,390,0,1,0,3,1487,0,0,0
7,0,10935000,99939,0,5,2002,5300,2,0,35000,1,0,0,0,0,0,0,0,0,9,390,0,1,0,3,1487,0,0,0
7,0,10935000,99939,0,5,2002,5300,2,0,35000,1,0,0,0,0,0,0,0,0,9,390,0,1,0,3,1487,0,0,0
7,0,10935000,99939,0,5,2002,5300,2,0,35000,1,0,0,0,0,0,0,0,0,9,390,0,1,0,3,1487,0,0,0
7,0,10935000,99939,0,5,2002,5300,2,0,35000,1,0,0,0,0,0,0,0,0,9,390,0,1,0,3,1487,0,0,0
7,0,10935000,99939,0,5,2002,5300,2,0,35000,1,0,0,0,0,0,0,0,0,9,390,0,1,0,3,1487,0,0,0
7,0,10935000,99939,0,5,2002,5300,2,0,35000,1,0,0,0,0,0,0,0,0,9,390,0,1,0,3,1487,0,0,0
7,0,10935000,99939,0,5,2002,5300,2,0,35000,1,0,0,0,0,0,0,0,0,9,390,0,1,0,3,1487,0,0,0
7,0,10935000,99939,0,5,2002,5300,2,0,35000,1,0,0,0,0,0,0,0,0,9,390,0,1,0,3,1487,0,0,0
7,0,10935000,99939,0,5,2002,5300,2,0,35000,1,0,0,0,0,0,0,0,0,9,390,0,1,0,3,1487,0,0,0
7,0,10935000,99939,0,5,2002,5300,2,0,35000,1,0,0,0,0,0,0,0,0,9,390,0,1,0,3,1487,0,0,0
7,0,10935000,99939,0,5,2002,5300,2,0,35000,1,0,0,0,0,0,0,0,0,9,390,0,1,0,3,1487,0,0,0
7,0,10935000,99939,0,5,2002,5300,2,0,35000,1,0,0,0,0,0,0,0,0,9,390,0,1,0,3,1487,0,0,0
7,0,10935000,99939,0,5,2002,5300,2,0,35000,1,0,0,0,0,0,0,0,0,9,390,0,1,0,3,1487,0,0,0
7,0,10935000,99939,0,5,2002,5300,2,0,35000,1,0,0,0,0,0,0,0,0,9,390,0,1,0,3,1487,0,0,0
7,0,10935000,99939,0,5,2002,5300,2,0,35000,1,0,0,0,0,0,0,0,0,9,390,0,1,0,3,1487,0,0,0
7,0,10935000,99939,0,5,2002,5300,2,0,35000,1,0,0,0,0,0,0,0,0,9,390,0,1,0,3,1487,0,0,0
7,0,10935000,99939,0,5,2002,5300,2,0,35000,1,0,0,0,0,0,0,0,0,9,390,0,1,0,3,1487,0,0,0
7,0,10935000,99939,0,5,2002,5300,2,0,35000,1,0,0,0,0,0,0,0,0,9,390,0,1,0,3,1487,0,0,0
7,0,10935000,99939,0,5,2002,5300,2,0,35000,1,0,0,0,0,0,0,0,0,9,390,0,1,0,3,1487,0,0,0
7,0,10935000,99939,0,5,2002,5300,2,0,35000,1,0,0,0,0,0,0,0,0,9,390,0,1,0,3,1487,0,0,0
7,0,10935000,99939,0,5,2002,5300,2,0,35000,1,0,0,0,0,0,0,0,0,9,390,0,1,0,3,1487,0,0,0
7,0,10935000,99939,0,5,2002,5300,2,0,35000,1,0,0,0,0,0,0,0,0,9,390,0,1,0,3,1487,0,0,0
7,2210,10935000,99881,0,5,820,5300,2,0,35000,1,0,0,0,0,0,0,0,0,8,390,0,1,0,3,1487,0,0,0
7,2210,10935000,99881,0,5,820,5300,2,0,35000,1,0,0,0,0,0,0,0,0,8,390,0,1,0,3,1487,0,0,0
7,0,10935000,99875,0,5,820,5300,2,0,35000,1,0,0,0,0,0,0,0,0,8,390,0,1,0,3,1487,0,0,0
7,0,10935000,99875,0,5,820,5300,2,0,35000,1,0,0,0,0,0,0,0,0,8,390,0,1,0,3,1487,0,0,0
7,0,10935000,99875,0,5,820,5300,2,0,35000,1,0,0,0,0,0,0,0,0,8,390,0,1,0,3,1487,0,0,0
7,0,10935000,99875,0,5,820,5300,2,0,35000,1,0,0,0,0,0,0,0,0,8,390,0,1,0,3,1487,0,0,0
7,0,10935000,99875,0,5,820,5300,2,0,35000,1,0,0,0,0,0,0,0,0,8,390,0,1,0,3,1487,0,0,0
7,0,10935000,99858,0,5,820,5300,2,0,35000,1,0,0,0,0,0,0,0,0,8,390,0,1,0,3,1487,0,0,0
7,0,10935000,99855,0,5,820,5300,2,0,35000,1,0,0,0,0,0,0,0,0,8,390,0,1,0,3,1487,0,0,0
7,0,10935000,99852,0,5,820,5300,2,0,35000,1,0,0,0,0,0,0,0,0,8,390,0,1,0,3,1487,0,0,0
7,0,10935000,99849,0,5,820,5300,2,0,35000,1,0,0,0,0,0,0,0,0,8,390,0,1,0,3,1487,0,0,0
7,0,10935000,99846,0,5,820,5300,2,0,35000,1,0,0,0,0,0,0,0,0,8,390,0,1,0,3,1487,0,0,0
7,0,10935000,99843,0,5,820,5300,2,0,35000,1,0,0,0,0,0,0,0,0,8,390,0,1,0,3,1487,0,0,0
7,0,10935000,99840,0,5,820,5300,2,3000,35000,1,0,0,0,0,0,0,0,0,8,390,0,1,0,3,1487,0,0,0
7,0,10935000,99836,0,5,820,5300,2,2670,35000,1,0,0,0,0,0,0,0,0,8,710,0,1,0,3,1487,0,0,0
7,0,10935000,99834,0,5,920,5300,2,2550,35000,1,0,0,0,0,0,0,0,0,8,730,0,1,0,3,1487,0,0,0
7,0,10935000,99831,0,5,1120,5300,2,2370,35000,1,0,0,0,0,0,0,0,0,8,710,0,1,0,3,1487,0,0,0
7,0,10935000,99827,0,5,1120,5300,2,2140,35000,1,0,0,0,0,0,0,0,0,8,940,0,1,0,3,1487,0,0,0
7,0,10935000,99824,0,5,1120,5300,2,1970,35000,1,0,0,0,0,0,0,0,0,8,1110,0,1,0,3,1487,0,0,0
7,0,10935000,99821,0,5,1120,5300,2,1880,35000,1,0,0,0,0,0,0,0,0,8,1200,0,1,0,3,1487,0,0,0
7,0,10935000,99818,0,5,1120,5300,2,1790,35000,1,0,0,0,0,0,0,0,0,8,1290,0,1,0,3,1487,0,0,0
7,0,10935000,99814,0,5,1218,5300,2,1790,35000,1,0,0,0,0,0,0,0,0,8,1192,0,1,0,3,1487,0,0,0
7,10,10935000,100000,0,5,1418,5300,2,1790,35000,1,0,0,0,0,0,0,0,0,8,972,0,1,0,3,1487,0,0,0
7,10,10935000,100000,0,5,1418,5300,2,1790,35000,1,0,0,0,0,0,0,0,0,8,942,0,1,0,3,1487,0,0,0
7,20,10935000,100000,0,5,1418,5300,2,1790,35000,1,0,0,0,0,0,0,0,0,8,892,0,1,0,3,1487,0,0,0
7,20,10935000,100000,0,5,1420,5300,2,1730,35000,1,0,0,0,0,0,0,0,0,8,870,0,1,0,3,1487,0,0,0
7,20,10935000,100000,0,5,1420,5300,2,4670,35000,1,0,0,0,0,0,0,0,0,8,890,0,1,0,3,1487,0,0,0
7,30,10935000,100000,0,5,1420,5300,2,4310,35000,1,0,0,0,0,0,0,0,0,8,1160,0,1,0,3,1487,0,0,0
7,30,10935000,100000,0,5,1420,5300,2,3950,35000,1,0,0,0,0,0,0,0,0,8,1430,0,1,0,3,1487,0,0,0
7,30,10935000,100000,0,5,1518,5300,2,3740,35000,1,0,0,0,0,0,0,0,0,8,1452,0,1,0,3,1487,0,0,0
7,30,10935000,100000,0,5,1718,5300,2,3650,35000,1,0,0,0,0,0,0,0,0,8,1252,0,1,0,3,1487,0,0,0
7,30,10935000,100000,0,5,321,5300,2,3560,35000,1,0,0,0,0,0,0,0,0,9,750,0,1,1,3,1487,0,0,0
7,20,10935000,100000,0,5,621,5300,2,3470,35000,1,0,0,0,0,0,0,0,0,9,470,0,1,1,3,1487,0,0,0
7,20,10935000,100000,0,5,721,5300,2,3410,35000,1,0,0,0,0,0,0,0,0,9,390,0,1,1,3,1487,0,0,0
7,10,10935000,100000,0,5,721,5300,2,3140,35000,1,0,0,0,0,0,0,0,0,9,610,0,1,1,3,1487,0,0,0
7,10,10935000,100000,0,5,721,5300,2,2870,35000,1,0,0,0,0,0,0,0,0,9,850,0,1,1,3,1487,0,0,0
7,10,10935000,100000,0,5,721,5300,2,2540,35000,1,0,0,0,0,0,0,0,0,9,1150,0,1,1,3,1487,0,0,0
7,0,10935000,99998,0,5,921,5300,2,2310,35000,1,0,0,0,0,0,0,0,0,9,1170,0,1,1,3,1487,0,0,0
7,0,10935000,99995,0,5,1321,5300,2,2160,35000,1,0,0,0,0,0,0,0,0,9,920,0,1,1,3,1487,0,0,0
7,0,10935000,99991,0,5,1421,5300,2,1980,35000,1,0,0,0,0,0,0,0,0,9,1000,0,1,1,3,1487,0,0,0
7,0,10935000,99988,0,5,1521,5300,2,1860,35000,1,0,0,0,0,0,0,0,0,9,720,0,1,1,3,1787,0,0,0
7,0,10935000,99986,0,5,1621,5300,2,1780,35000,1,0,0,0,0,0,0,0,0,9,700,0,1,1,3,1767,0,0,0
7,0,10935000,99983,0,5,1621,5300,2,1500,35000,1,0,0,0,0,0,0,0,0,9,980,0,1,1,3,1737,0,0,0
7,0,10935000,99979,0,5,1721,5300,2,1150,35000,1,0,0,0,0,0,0,0,0,9,1230,0,1,1,3,1697,0,0,0
7,0,10935000,99977,0,5,1821,5300,2,950,35000,1,0,0,0,0,0,0,0,0,9,1330,0,1,1,3,1677,0,0,0
7,0,10935000,99974,0,5,2021,5300,2,800,35000,1,0,0,0,0,0,0,0,0,9,1280,0,1,1,3,1647,0,0,0
7,0,10935000,99971,0,5,2121,5300,2,710,35000,1,0,0,0,0,0,0,0,0,9,1270,0,1,1,3,1617,0,0,0
7,0,10935000,99969,0,5,2221,5300,2,650,35000,1,0,0,0,0,0,0,0,0,9,1230,0,1,1,3,1597,0,0,0
7,10,10935000,100000,0,5,2221,5300,2,530,35000,1,0,0,0,0,0,0,0,0,9,1320,0,1,1,3,1567,0,0,0
7,10,10935000,100000,0,5,2321,5300,2,300,35000,1,0,0,0,0,0,0,0,0,9,1420,0,1,1,3,1537,0,0,0
7,10,10935000,100000,0,5,2521,5300,2,0,35000,1,0,0,0,0,0,0,0,0,9,1490,0,1,1,3,1507,0,0,0
7,20,10935000,100000,0,5,2621,5300,2,0,35000,1,0,0,0,0,0,0,0,0,9,1350,0,1,1,3,1487,0,0,0
7,0,10935000,99999,0,5,2621,5300,2,0,35000,1,0,0,0,0,0,0,0,0,9,1330,0,1,1,3,1487,0,0,0
7,20,10935000,100000,0,5,2821,5300,2,0,35000,1,0,0,0,0,0,0,0,0,9,1090,0,1,1,3,1487,0,0,0
7,20,10935000,100000,0,5,2821,5300,2,0,35000,1,0,0,0,0,0,0,0,0,9,1010,0,1,1,3,1487,0,0,0
7,20,10935000,100000,0,5,2821,5300,2,0,35000,1,0,0,0,0,0,0,0,0,9,950,0,1,1,3,1487,0,0,0
7,20,10935000,100000,0,5,2821,5300,2,0,35000,1,0,0,0,0,0,0,0,0,9,910,0,1,1,3,1487,0,0,0
7,20,10935000,100000,0,5,2821,5300,2,0,35000,1,0,0,0,0,0,0,0,0,9,850,0,1,1,3,1487,0,0,0
7,20,10935000,100000,0,5,2821,5300,2,0,35000,1,0,0,0,0,0,0,0,0,9,810,0,1,1,3,1487,0,0,0
7,10,10935000,100000,0,5,2821,5300,2,0,35000,1,0,0,0,0,0,0,0,0,9,770,0,1,1,3,1487,0,0,0
7,10,10935000,100000,0,5,2821,5300,2,0,35000,1,0,0,0,0,0,0,0,0,9,740,0,1,1,3,1487,0,0,0
7,10,10935000,100000,0,5,921,5300,2,0,35000,1,0,0,0,0,0,0,0,0,10,710,0,1,1,3,1487,0,0,0
7,10,10935000,100000,0,5,921,5300,2,0,35000,1,0,0,0,0,0,0,0,0,10,680,0,1,1,3,1487,0,0,0
7,0,10935000,99997,0,5,921,5300,2,0,35000,1,0,0,0,0,0,0,0,0,10,680,0,1,1,3,1487,0,0,0
7,0,10935000,99994,0,5,921,5300,2,0,35000,1,0,0,0,0,0,0,0,0,10,680,0,1,1,3,1487,0,0,0
7,0,10935000,99991,0,5,921,5300,2,0,35000,1,0,0,0,0,0,0,0,0,10,680,0,1,1,3,1487,0,0,0
7,0,10935000,99988,0,5,921,5300,2,0,35000,1,0,0,0,0,0,0,0,0,10,680,0,1,1,3,1487,0,0,0
7,0,10935000,99985,0,5,921,5300,2,0,35000,1,0,0,0,0,0,0,0,0,10,680,0,1,1,3,1487,0,0,0
7,0,10935000,99983,0,5,921,5300,2,0,35000,1,0,0,0,0,0,0,0,0,10,680,0,1,1,3,1487,0,0,0
7,0,10935000,99980,0,5,921,5300,2,0,35000,1,0,0,0,0,0,0,0,0,10,680,0,1,1,3,1487,0,0,0
7,0,10935000,99978,0,5,921,5300,2,0,35000,1,0,0,0,0,0,0,0,0,10,680,0,1,1,3,1487,0,0,0
7,0,10935000,99975,0,5,921,5300,2,0,35000,1,0,0,0,0,0,0,0,0,10,680,0,1,1,3,1487,0,0,0
7,0,10935000,99972,0,5,921,5300,2,0,35000,1,0,0,0,0,0,0,0,0,9,680,0,1,1,3,1487,0,0,0
7,0,10935000,99969,0,5,921,5300,2,0,35000,1,0,0,0,0,0,0,0,0,9,680,0,1,1,3,1487,0,0,0
7,0,10935000,99966,0,5,921,5300,2,0,35000,1,0,0,0,0,0,0,0,0,9,680,0,1,1,3,1487,0,0,0
7,0,10935000,99963,0,5,921,5300,2,0,35000,1,0,0,0,0,0,0,0,0,9,680,0,1,1,3,1487,0,0,0
7,0,10935000,99960,0,5,921,5300,2,0,35000,1,0,0,0,0,0,0,0,0,9,680,0,1,1,3,1487,0,0,0
7,0,10935000,99958,0,5,921,5300,2,0,35000,1,0,0,0,0,0,0,0,0,9,680,0,1,1,3,1487,0,0,0
7,0,10935000,99955,0,5,921,5300,2,0,35000,1,0,0,0,0,0,0,0,0,9,680,0,1,1,3,1487,0,0,0
7,0,10935000,99952,0,5,921,5300,2,0,35000,1,0,0,0,0,0,0,0,0,9,680,0,1,1,3,1487,0,0,0
7,0,10935000,99950,0,5,921,5300,2,0,35000,1,0,0,0,0,0,0,0,0,9,680,0,1,1,3,1487,0,0,0
7,0,10935000,99947,0,5,921,5300,2,0,35000,1,0,0,0,0,0,0,0,0,9,680,0,1,1,3,1487,0,0,0
7,0,10935000,99943,0,5,921,5300,2,0,35000,1,0,0,0,0,0,0,0,0,9,680,0,1,1,3,1487,0,0,0
7,0,10935000,99940,0,5,921,5300,2,0,35000,1,0,0,0,0,0,0,0,0,9,680,0,1,1,3,1487,0,0,0
7,0,10935000,99938,0,5,921,5300,2,0,35000,1,0,0,0,0,0,0,0,0,9,680,0,1,1,3,1487,0,0,0
7,0,10935000,99936,0,5,921,5300,2,0,35000,1,0,0,0,0,0,0,0,0,9,680,0,1,1,3,1487,0,0,0
7,0,10935000,99933,0,5,921,5300,2,0,35000,1,0,0,0,0,0,0,0,0,9,680,0,1,1,3,1487,0,0,0
7,0,10935000,99931,0,5,921,5300,2,0,35000,1,0,0,0,0,0,0,0,0,9,680,0,1,1,3,1487,0,0,0
7,0,10935000,99928,0,5,921,5300,2,0,35000,1,0,0,0,0,0,0,0,0,9,680,0,1,1,3,1487,0,0,0
7,0,10935000,99925,0,5,921,5300,2,0,35000,1,0,0,0,0,0,0,0,0,9,680,0,1,1,3,1487,0,0,0
7,0,10935000,99922,0,5,921,5300,2,0,35000,1,0,0,0,0,0,0,0,0,9,680,0,1,1,3,1487,0,0,0
7,0,10935000,99921,0,5,921,5300,2,0,35000,1,0,0,0,0,0,0,0,0,9,680,0,1,0,3,1487,0,0,0
7,0,10935000,99919,0,5,921,5300,2,0,35000,1,0,0,0,0,0,0,0,0,9,680,0,1,0,3,1487,0,0,0
7,0,10935000,99916,0,5,921,5300,2,0,35000,1,0,0,0,0,0,0,0,0,9,680,0,1,0,3,1487,0,0,0
7,0,10935000,99913,0,5,921,5300,2,0,35000,1,0,0,0,0,0,0,0,0,9,680,0,1,0,3,1487,0,0,0
7,0,10935000,99910,0,5,921,5300,2,0,35000,1,0,0,0,0,0,0,0,0,9,680,0,1,0,3,1487,0,0,0
7,0,10935000,99907,0,5,921,5300,2,0,35000,1,0,0,0,0,0,0,0,0,9,680,0,1,0,3,1487,0,0,0
7,0,10935000,99905,0,5,921,5300,2,0,35000,1,0,0,0,0,0,0,0,0,9,680,0,1,0,3,1487,0,0,0
7,0,10935000,99902,0,5,921,5300,2,0,35000,1,0,0,0,0,0,0,0,0,9,680,0,1,0,3,1487,0,0,0
7,0,10935000,99899,0,5,921,5300,2,0,35000,1,0,0,0,0,0,0,0,0,9,680,0,1,0,3,1487,0,0,0
7,0,10935000,99896,0,5,921,5300,2,0,35000,1,0,0,0,0,0,0,0,0,9,680,0,1,0,3,1487,0,0,0
7,0,10935000,99894,0,5,921,5300,2,0,35000,1,0,0,0,0,0,0,0,0,9,680,0,1,0,3,1487,0,0,0
7,0,10935000,99890,0,5,921,5300,2,0,35000,1,0,0,0,0,0,0,0,0,9,680,0,1,0,3,1487,0,0,0
7,0,10935000,99888,0,5,921,5300,2,0,35000,1,0,0,0,0,0,0,0,0,9,680,0,1,0,3,1487,0,0,0
7,0,10935000,99885,0,5,921,5300,2,0,35000,1,0,0,0,0,0,0,0,0,9,680,0,1,0,3,1487,0,0,0
7,0,10935000,99883,0,5,921,5300,2,0,35000,1,0,0,0,0,0,0,0,0,9,680,0,1,0,3,1487,0,0,0
7,0,10935000,99880,0,5,921,5300,2,0,35000,1,0,0,0,0,0,0,0,0,9,680,0,1,0,3,1487,0,0,0
7,0,10935000,99877,0,5,921,5300,2,0,35000,1,0,0,0,0,0,0,0,0,9,680,0,1,0,3,1487,0,0,0
7,0,10935000,99874,0,5,921,5300,2,0,35000,1,0,0,0,0,0,0,0,0,9,680,0,1,0,3,1487,0,0,0
7,0,10935000,99872,0,5,921,5300,2,0,35000,1,0,0,0,0,0,0,0,0,9,680,0,1,0,3,1487,0,0,0
7,0,10935000,99869,0,5,921,5300,2,0,35000,1,0,0,0,0,0,0,0,0,9,680,0,1,0,3,1487,0,0,0
7,0,10935000,99866,0,5,921,5300,2,0,35000,1,0,0,0,0,0,0,0,0,9,680,0,1,0,3,1487,0,0,0
7,0,10935000,99863,0,5,921,5300,2,0,35000,1,0,0,0,0,0,0,0,0,9,680,0,1,0,3,1487,0,0,0
7,0,10935000,99861,0,5,921,5300,2,0,35000,1,0,0,0,0,0,0,0,0,9,680,0,1,0,3,1487,0,0,0
7,0,10935000,99859,0,5,921,5300,2,0,35000,1,0,0,0,0,0,0,0,0,9,680,0,1,0,3,1487,0,0,0
7,0,10935000,99857,0,5,921,5300,2,0,35000,1,0,0,0,0,0,0,0,0,9,680,0,1,0,3,1487,0,0,0
7,0,10935000,99857,0,5,921,5300,2,0,35000,1,0,0,0,0,0,0,0,0,9,680,0,1,0,3,1487,0,0,0
7,0,10935000,99853,0,5,921,5300,2,0,35000,1,0,0,0,0,0,0,0,0,9,680,0,1,0,3,1487,0,0,0
7,0,10935000,99850,0,5,921,5300,2,0,35000,1,0,0,0,0,0,0,0,0,9,680,0,1,0,3,1487,0,0,0
7,0,10935000,99849,0,5,921,5300,2,0,35000,1,0,0,0,0,0,0,0,0,9,680,0,1,0,3,1487,0,0,0
7,0,10935000,99847,0,5,921,5300,2,0,35000,1,0,0,0,0,0,0,0,0,9,680,0,1,0,3,1487,0,0,0
7,0,10935000,99845,0,5,921,5300,2,0,35000,1,0,0,0,0,0,0,0,0,9,680,0,1,0,3,1487,0,0,0
7,0,10935000,99842,0,5,921,5300,2,2780,35000,1,0,0,0,0,0,0,0,0,9,900,0,1,0,3,1487,0,0,0
7,0,10935000,99840,0,5,921,5300,2,2590,35000,1,0,0,0,0,0,0,0,0,9,1090,0,1,0,3,1487,0,0,0
7,0,10935000,99837,0,5,1021,5300,2,2350,35000,1,0,0,0,0,0,0,0,0,9,1230,0,1,0,3,1487,0,0,0
7,0,10935000,99834,0,5,1221,5300,2,2110,35000,1,0,0,0,0,0,0,0,0,9,1270,0,1,0,3,1487,0,0,0
7,0,10935000,99832,0,5,1221,5300,2,1970,35000,1,0,0,0,0,0,0,0,0,9,1410,0,1,0,3,1487,0,0,0
7,0,10935000,99829,0,5,1221,5300,2,1700,35000,1,0,0,0,0,0,0,0,0,9,1680,0,1,0,3,1487,0,0,0
7,0,10935000,99827,0,5,1221,5300,2,1640,35000,1,0,0,0,0,0,0,0,0,9,1740,0,1,0,3,1487,0,0,0
7,0,10935000,99824,0,5,1221,5300,2,1550,35000,1,0,0,0,0,0,0,0,0,9,1830,0,1,0,3,1487,0,0,0
7,0,10935000,99822,0,5,1221,5300,2,1490,35000,1,0,0,0,0,0,0,0,0,9,1890,0,1,0,3,1487,0,0,0
7,0,10935000,99819,0,5,1221,5300,2,1490,35000,1,0,0,0,0,0,0,0,0,9,1890,0,1,0,3,1487,0,0,0
7,0,10935000,99817,0,5,1320,5300,2,1490,35000,1,0,0,0,0,0,0,0,0,9,1791,0,1,0,3,1487,0,0,0
7,10,10935000,100000,0,5,1320,5300,2,1490,35000,1,0,0,0,0,0,0,0,0,9,1761,0,1,0,3,1487,0,0,0
7,10,10935000,100000,0,5,1320,5300,2,1490,35000,1,0,0,0,0,0,0,0,0,9,1731,0,1,0,3,1487,0,0,0
7,20,10935000,100000,0,5,1420,5300,2,1490,35000,1,0,0,0,0,0,0,0,0,9,1571,0,1,0,3,1487,0,0,0
7,20,10935000,100000,0,5,1501,5300,2,1490,35000,1,0,0,0,0,0,0,0,0,9,1450,0,1,0,3,1487,0,0,0
7,30,10935000,100000,0,5,1521,5300,2,4490,35000,1,0,0,0,0,0,0,0,0,9,1340,0,1,0,3,1487,0,0,0
7,30,10935000,100000,0,5,1521,5300,2,4280,35000,1,0,0,0,0,0,0,0,0,9,1460,0,1,0,3,1487,0,0,0
7,40,10935000,100000,0,5,1521,5300,2,4000,35000,1,0,0,0,0,0,0,0,0,9,1630,0,1,0,3,1487,0,0,0
7,40,10935000,100000,0,5,1620,5300,2,3840,35000,1,0,0,0,0,0,0,0,0,9,1611,0,1,0,3,1487,0,0,0
7,40,10935000,100000,0,5,1820,5300,2,3630,35000,1,0,0,0,0,0,0,0,0,9,1501,0,1,0,3,1487,0,0,0
7,40,10935000,100000,0,5,1821,5300,2,3480,35000,1,0,0,0,0,0,0,0,0,9,1530,0,1,0,3,1487,0,0,0
7,30,10935000,100000,0,5,1921,5300,2,3420,35000,1,0,0,0,0,0,0,0,0,9,1380,0,1,0,3,1487,0,0,0
7,30,10935000,100000,0,5,2101,5300,2,3320,35000,1,0,0,0,0,0,0,0,0,9,1210,0,1,0,3,1487,0,0,0
7,20,10935000,100000,0,5,2401,5300,2,3230,35000,1,0,0,0,0,0,0,0,0,10,620,0,1,0,3,1777,0,0,0
7,20,10935000,100000,0,5,24,5300,2,3140,35000,1,0,0,0,0,0,0,0,0,10,630,0,1,1,3,1747,0,0,0
7,10,10935000,100000,0,5,27,5300,2,3080,35000,1,0,0,0,0,0,0,0,0,10,650,0,1,1,3,1717,0,0,0
7,20,10935000,100000,0,5,129,5300,2,3000,35000,1,0,0,0,0,0,0,0,0,10,590,0,1,1,3,1697,0,0,0
7,20,10935000,100000,0,5,330,5300,2,2850,35000,1,0,0,0,0,0,0,0,0,10,480,0,1,1,3,1667,0,0,0
7,10,10935000,100000,0,5,330,5300,2,2640,35000,1,0,0,0,0,0,0,0,0,10,660,0,1,1,3,1637,0,0,0
7,10,10935000,100000,0,5,330,5300,2,2390,35000,1,0,0,0,0,0,0,0,0,10,880,0,1,1,3,1607,0,0,0
7,10,10935000,100000,0,5,430,5300,2,2150,35000,1,0,0,0,0,0,0,0,0,10,990,0,1,1,3,1577,0,0,0
7,10,10935000,100000,0,5,530,5300,2,1840,35000,1,0,0,0,0,0,0,0,0,10,1170,0,1,1,3,1547,0,0,0
7,10,10935000,100000,0,5,730,5300,2,1600,35000,1,0,0,0,0,0,0,0,0,10,1180,0,1,1,3,1517,0,0,0
7,10,10935000,100000,0,5,830,5300,2,1360,35000,1,0,0,0,0,0,0,0,0,10,1290,0,1,1,3,1487,0,0,0
7,10,10935000,100000,0,5,1030,5300,2,1180,35000,1,0,0,0,0,0,0,0,0,10,1240,0,1,1,3,1487,0,0,0
7,10,10935000,100000,0,5,1230,5300,2,1030,35000,1,0,0,0,0,0,0,0,0,10,1160,0,1,1,3,1487,0,0,0
7,0,10935000,99998,0,5,1230,5300,2,790,35000,1,0,0,0,0,0,0,0,0,10,1390,0,1,1,3,1487,0,0,0
7,10,10935000,100000,0,5,1230,5300,2,570,35000,1,0,0,0,0,0,0,0,0,10,1590,0,1,1,3,1487,0,0,0
7,10,10935000,100000,0,5,1230,5300,2,450,35000,1,0,0,0,0,0,0,0,0,10,1680,0,1,1,3,1487,0,0,0
7,10,10935000,100000,0,5,1330,5300,2,370,35000,1,0,0,0,0,0,0,0,0,10,1630,0,1,1,3,1487,0,0,0
7,20,10935000,100000,0,5,1430,5300,2,310,35000,1,0,0,0,0,0,0,0,0,10,1530,0,1,1,3,1487,0,0,0
7,10,10935000,100000,0,5,1630,5300,2,250,35000,1,0,0,0,0,0,0,0,0,9,1170,0,1,1,3,1487,0,0,0
7,10,10935000,100000,0,5,1630,5300,2,190,35000,1,0,0,0,0,0,0,0,0,9,900,0,1,1,3,1767,0,0,0
7,10,10935000,100000,0,5,1630,5300,2,130,35000,1,0,0,0,0,0,0,0,0,9,930,0,1,1,3,1737,0,0,0
7,10,10935000,100000,0,5,1730,5300,2,60,35000,1,0,0,0,0,0,0,0,0,9,880,0,1,1,3,1717,0,0,0
7,10,10935000,100000,0,5,1830,5300,2,0,35000,1,0,0,0,0,0,0,0,0,9,810,0,1,1,3,1687,0,0,0
7,10,10935000,100000,0,5,1830,5300,2,0,35000,1,0,0,0,0,0,0,0,0,9,780,0,1,1,3,1657,0,0,0
7,10,10935000,100000,0,5,1830,5300,2,0,35000,1,0,0,0,0,0,0,0,0,9,750,0,1,1,3,1627,0,0,0
7,10,10935000,100000,0,5,1830,5300,2,0,35000,1,0,0,0,0,0,0,0,0,9,730,0,1,1,3,1607,0,0,0
7,20,10935000,100000,0,5,1830,5300,2,0,35000,1,0,0,0,0,0,0,0,0,9,670,0,1,1,3,1577,0,0,0
7,10,10935000,100000,0,5,1830,5300,2,0,35000,1,0,0,0,0,0,0,0,0,9,620,0,1,1,3,1547,0,0,0
7,10,10935000,100000,0,5,1830,5300,2,0,35000,1,0,0,0,0,0,0,0,0,9,590,0,1,1,3,1517,0,0,0
7,10,10935000,100000,0,5,1830,5300,2,0,35000,1,0,0,0,0,0,0,0,0,9,560,0,1,1,3,1487,0,0,0
7,10,10935000,100000,0,5,1830,5300,2,0,35000,1,0,0,0,0,0,0,0,0,9,530,0,1,1,3,1487,0,0,0
7,10,10935000,100000,0,5,1830,5300,2,0,35000,1,0,0,0,0,0,0,0,0,9,510,0,1,1,3,1487,0,0,0
7,10,10935000,100000,0,5,1830,5300,2,0,35000,1,0,0,0,0,0,0,0,0,9,480,0,1,1,3,1487,0,0,0
7,10,10935000,100000,0,5,1830,5300,2,0,35000,1,0,0,0,0,0,0,0,0,9,440,0,1,1,3,1487,0,0,0
7,10,10935000,100000,0,5,1830,5300,2,0,35000,1,0,0,0,0,0,0,0,0,9,420,0,1,1,3,1487,0,0,0
7,10,10935000,100000,0,5,1830,5300,2,0,35000,1,0,0,0,0,0,0,0,0,9,390,0,1,0,3,1487,0,0,0
7,0,10935000,99997,0,5,1830,5300,2,0,35000,1,0,0,0,0,0,0,0,0,9,380,0,1,0,3,1487,0,0,0
7,0,10935000,99995,0,5,1830,5300,2,0,35000,1,0,0,0,0,0,0,0,0,9,380,0,1,0,3,1487,0,0,0
7,0,10935000,99992,0,5,1830,5300,2,0,35000,1,0,0,0,0,0,0,0,0,9,380,0,1,0,3,1487,0,0,0
7,0,10935000,99990,0,5,1830,5300,2,0,35000,1,0,0,0,0,0,0,0,0,9,380,0,1,0,3,1487,0,0,0
7,0,10935000,99987,0,5,1830,5300,2,0,35000,1,0,0,0,0,0,0,0,0,9,380,0,1,0,3,1487,0,0,0
7,0,10935000,99984,0,5,1830,5300,2,0,35000,1,0,0,0,0,0,0,0,0,9,380,0,1,0,3,1487,0,0,0
7,0,10935000,99982,0,5,1830,5300,2,0,35000,1,0,0,0,0,0,0,0,0,9,380,0,1,0,3,1487,0,0,0
7,0,10935000,99979,0,5,1830,5300,2,0,35000,1,0,0,0,0,0,0,0,0,9,380,0,1,0,3,1487,0,0,0
7,0,10935000,99976,0,5,1830,5300,2,0,35000,1,0,0,0,0,0,0,0,0,9,380,0,1,0,3,1487,0,0,0
7,0,10935000,99973,0,5,1830,5300,2,0,35000,1,0,0,0,0,0,0,0,0,9,380,0,1,0,3,1487,0,0,0
7,0,10935000,99971,0,5,1830,5300,2,0,35000,1,0,0,0,0,0,0,0,0,9,380,0,1,0,3,1487,0,0,0
7,0,10935000,99968,0,5,1830,5300,2,0,35000,1,0,0,0,0,0,0,0,0,9,380,0,1,0,3,1487,0,0,0
7,0,10935000,99964,0,5,1830,5300,2,0,35000,1,0,0,0,0,0,0,0,0,8,380,0,1,0,3,1487,0,0,0
7,0,10935000,99962,0,5,1830,5300,2,0,35000,1,0,0,0,0,0,0,0,0,8,380,0,1,0,3,1487,0,0,0
7,0,10935000,99959,0,5,1830,5300,2,0,35000,1,0,0,0,0,0,0,0,0,8,380,0,1,0,3,1487,0,0,0
7,0,10935000,99956,0,5,1830,5300,2,0,35000,1,0,0,0,0,0,0,0,0,8,380,0,1,0,3,1487,0,0,0
7,0,10935000,99953,0,5,1830,5300,2,0,35000,1,0,0,0,0,0,0,0,0,8,380,0,1,0,3,1487,0,0,0
7,0,10935000,99950,0,5,1830,5300,2,0,35000,1,0,0,0,0,0,0,0,0,8,380,0,1,0,3,1487,0,0,0
7,0,10935000,99947,0,5,1830,5300,2,0,35000,1,0,0,0,0,0,0,0,0,8,380,0,1,0,3,1487,0,0,0
7,0,10935000,99944,0,5,1830,5300,2,0,35000,1,0,0,0,0,0,0,0,0,8,380,0,1,0,3,1487,0,0,0
7,0,10935000,99941,0,5,1830,5300,2,0,35000,1,0,0,0,0,0,0,0,0,8,380,0,1,0,3,1487,0,0,0
7,0,10935000,99938,0,5,1830,5300,2,0,35000,1,0,0,0,0,0,0,0,0,8,380,0,1,0,3,1487,0,0,0
7,0,10935000,99937,0,5,1830,5300,2,0,35000,1,0,0,0,0,0,0,0,0,8,380,0,1,0,3,1487,0,0,0
7,0,10935000,99934,0,5,1830,5300,2,0,35000,1,0,0,0,0,0,0,0,0,8,380,0,1,0,3,1487,0,0,0
7,0,10935000,99930,0,5,1830,5300,2,0,35000,1,0,0,0,0,0,0,0,0,8,380,0,1,0,3,1487,0,0,0
7,0,10935000,99928,0,5,1830,5300,2,0,35000,1,0,0,0,0,0,0,0,0,8,380,0,1,0,3,1487,0,0,0
7,0,10935000,99925,0,5,1830,5300,2,0,35000,1,0,0,0,0,0,0,0,0,8,380,0,1,0,3,1487,0,0,0
7,0,10935000,99922,0,5,1830,5300,2,0,35000,1,0,0,0,0,0,0,0,0,8,380,0,1,0,3,1487,0,0,0
7,0,10935000,99920,0,5,1830,5300,2,0,35000,1,0,0,0,0,0,0,0,0,8,380,0,1,0,3,1487,0,0,0
7,0,10935000,99918,0,5,1830,5300,2,0,35000,1,0,0,0,0,0,0,0,0,8,380,0,1,0,3,1487,0,0,0
7,0,10935000,99915,0,5,1830,5300,2,0,35000,1,0,0,0,0,0,0,0,0,8,380,0,1,0,3,1487,0,0,0
7,0,10935000,99913,0,5,1830,5300,2,0,35000,1,0,0,0,0,0,0,0,0,8,380,0,1,0,3,1487,0,0,0
7,0,10935000,99910,0,5,1830,5300,2,0,35000,1,0,0,0,0,0,0,0,0,8,380,0,1,0,3,1487,0,0,0
7,0,10935000,99907,0,5,1830,5300,2,0,35000,1,0,0,0,0,0,0,0,0,8,380,0,1,0,3,1487,0,0,0
7,0,10935000,99905,0,5,1830,5300,2,0,35000,1,0,0,0,0,0,0,0,0,8,380,0,1,0,3,1487,0,0,0
7,0,10935000,99903,0,5,1830,5300,2,0,35000,1,0,0,0,0,0,0,0,0,8,380,0,1,0,3,1487,0,0,0
7,0,10935000,99900,0,5,1830,5300,2,0,35000,1,0,0,0,0,0,0,0,0,8,380,0,1,0,3,1487,0,0,0
7,0,10935000,99898,0,5,1830,5300,2,0,35000,1,0,0,0,0,0,0,0,0,8,380,0,1,0,3,1487,0,0,0
7,0,10935000,99895,0,5,1830,5300,2,0,35000,1,0,0,0,0,0,0,0,0,8,380,0,1,0,3,1487,0,0,0
7,0,10935000,99893,0,5,1830,5300,2,0,35000,1,0,0,0,0,0,0,0,0,8,380,0,1,0,3,1487,0,0,0
7,0,10935000,99889,0,5,1830,5300,2,0,35000,1,0,0,0,0,0,0,0,0,8,380,0,1,0,3,1487,0,0,0
7,0,10935000,99886,0,5,1830,5300,2,0,35000,1,0,0,0,0,0,0,0,0,8,380,0,1,0,3,1487,0,0,0
7,0,10935000,99883,0,5,1830,5300,2,0,35000,1,0,0,0,0,0,0,0,0,8,380,0,1,0,3,1487,0,0,0
7,0,10935000,99880,0,5,1830,5300,2,0,35000,1,0,0,0,0,0,0,0,0,8,380,0,1,0,3,1487,0,0,0
7,0,10935000,99876,0,5,1830,5300,2,0,35000,1,0,0,0,0,0,0,0,0,8,380,0,1,0,3,1487,0,0,0
7,0,10935000,99874,0,5,1830,5300,2,0,35000,1,0,0,0,0,0,0,0,0,8,380,0,1,0,3,1487,0,0,0
7,0,10935000,99871,0,5,1830,5300,2,0,35000,1,0,0,0,0,0,0,0,0,8,380,0,1,0,3,1487,0,0,0
7,0,10935000,99868,0,5,1830,5300,2,0,35000,1,0,0,0,0,0,0,0,0,8,380,0,1,0,3,1487,0,0,0
7,0,10935000,99865,0,5,1830,5300,2,3000,35000,1,0,0,0,0,0,0,0,0,8,380,0,1,0,3,1487,0,0,0
7,0,10935000,99862,0,5,1830,5300,2,2790,35000,1,0,0,0,0,0,0,0,0,8,590,0,1,0,3,1487,0,0,0
7,0,10935000,99859,0,5,1830,5300,2,2600,35000,1,0,0,0,0,0,0,0,0,8,780,0,1,0,3,1487,0,0,0
