controller_level,controller_progress_delta,controller_needed,controller_downgrade,controller_safemode,controller_safemode_avail,energy_avail,energy_cap,num_sources,source_energy,mineral_amount,num_extractors,storage_energy,storage_minerals,terminal_energy,terminal_minerals,num_containers,container_energy,num_links,link_energy,num_creeps,creep_energy,num_enemies,num_spawns,spawns_spawning,num_towers,tower_energy,num_construction_sites,num_my_construction_sites,num_source_containers
6,10,3645000,60000,0,5,504,2300,2,80,70000,0,0,0,0,0,0,0,0,0,9,680,0,1,1,2,992,0,0,0
6,10,3645000,60000,0,5,604,2300,2,80,70000,0,0,0,0,0,0,0,0,0,9,550,0,1,1,2,992,0,0,0
6,10,3645000,60000,0,5,654,2300,2,80,70000,0,0,0,0,0,0,0,0,0,9,470,0,1,1,2,992,0,0,0
6,10,3645000,60000,0,5,704,2300,2,60,70000,0,0,0,0,0,0,0,0,0,9,420,0,1,1,2,992,0,0,0
6,10,3645000,60000,0,5,804,2300,2,0,70000,0,0,0,0,0,0,0,0,0,9,340,0,1,1,2,992,0,0,0
6,0,3645000,59997,0,5,854,2300,2,0,70000,0,0,0,0,0,0,0,0,0,9,290,0,1,1,2,992,0,0,0
6,0,3645000,59994,0,5,904,2300,2,0,70000,0,0,0,0,0,0,0,0,0,9,240,0,1,1,2,992,0,0,0
6,0,3645000,59992,0,5,904,2300,2,0,70000,0,0,0,0,0,0,0,0,0,9,240,0,1,1,2,992,0,0,0
6,0,3645000,59989,0,5,904,2300,2,0,70000,0,0,0,0,0,0,0,0,0,9,240,0,1,1,2,992,0,0,0
6,0,3645000,59986,0,5,904,2300,2,0,70000,0,0,0,0,0,0,0,0,0,9,240,0,1,1,2,992,0,0,0
6,0,3645000,59982,0,5,904,2300,2,0,70000,0,0,0,0,0,0,0,0,0,9,240,0,1,1,2,992,0,0,0
6,0,3645000,59979,0,5,904,2300,2,0,70000,0,0,0,0,0,0,0,0,0,9,240,0,1,1,2,992,0,0,0
6,0,3645000,59976,0,5,904,2300,2,0,70000,0,0,0,0,0,0,0,0,0,9,240,0,1,0,2,992,0,0,0
6,0,3645000,59974,0,5,904,2300,2,0,70000,0,0,0,0,0,0,0,0,0,9,240,0,1,0,2,992,0,0,0
6,0,3645000,59971,0,5,904,2300,2,0,70000,0,0,0,0,0,0,0,0,0,9,240,0,1,0,2,992,0,0,0
6,0,3645000,59968,0,5,904,2300,2,0,70000,0,0,0,0,0,0,0,0,0,9,240,0,1,0,2,992,0,0,0
6,0,3645000,59965,0,5,904,2300,2,0,70000,0,0,0,0,0,0,0,0,0,9,240,0,1,0,2,992,0,0,0
6,0,3645000,59963,0,5,904,2300,2,0,70000,0,0,0,0,0,0,0,0,0,9,240,0,1,0,2,992,0,0,0
6,0,3645000,59960,0,5,904,2300,2,0,70000,0,0,0,0,0,0,0,0,0,9,240,0,1,0,2,992,0,0,0
6,0,3645000,59957,0,5,904,2300,2,2920,70000,0,0,0,0,0,0,0,0,0,9,320,0,1,0,2,992,0,0,0
6,0,3645000,59954,0,5,904,2300,2,2680,70000,0,0,0,0,0,0,0,0,0,9,560,0,1,0,2,992,0,0,0
6,0,3645000,59951,0,5,904,2300,2,2440,70000,0,0,0,0,0,0,0,0,0,9,800,0,1,0,2,992,0,0,0
6,0,3645000,59949,0,5,904,2300,2,2300,70000,0,0,0,0,0,0,0,0,0,9,940,0,1,0,2,992,0,0,0
6,0,3645000,59946,0,5,904,2300,2,2120,70000,0,0,0,0,0,0,0,0,0,9,1120,0,1,0,2,992,0,0,0
6,0,3645000,59942,0,5,954,2300,2,1960,70000,0,0,0,0,0,0,0,0,0,9,1230,0,1,0,2,992,0,0,0
6,0,3645000,59939,0,5,1104,2300,2,1960,70000,0,0,0,0,0,0,0,0,0,9,1080,0,1,0,2,992,0,0,0
6,0,3645000,59936,0,5,1204,2300,2,1960,70000,0,0,0,0,0,0,0,0,0,9,980,0,1,0,2,992,0,0,0
6,0,3645000,59934,0,5,1404,2300,2,1960,70000,0,0,0,0,0,0,0,0,0,9,780,0,1,0,2,992,0,0,0
6,0,3645000,59932,0,5,1454,2300,2,1960,70000,0,0,0,0,0,0,0,0,0,9,730,0,1,0,2,992,0,0,0
6,0,3645000,59929,0,5,1454,2300,2,1960,70000,0,0,0,0,0,0,0,0,0,9,730,0,1,0,2,992,0,0,0
6,0,3645000,59926,0,5,1504,2300,2,1920,70000,0,0,0,0,0,0,0,0,0,9,720,0,1,0,2,992,0,0,0
6,0,3645000,59923,0,5,1504,2300,2,1840,70000,0,0,0,0,0,0,0,0,0,9,800,0,1,0,2,992,0,0,0
6,0,3645000,59920,0,5,1504,2300,2,1720,70000,0,0,0,0,0,0,0,0,0,9,920,0,1,0,2,992,0,0,0
6,0,3645000,59917,0,5,1504,2300,2,1600,70000,0,0,0,0,0,0,0,0,0,9,1040,0,1,0,2,992,0,0,0
6,0,3645000,59915,0,5,1504,2300,2,1520,70000,0,0,0,0,0,0,0,0,0,9,1120,0,1,0,2,992,0,0,0
6,0,3645000,59911,0,5,1504,2300,2,1400,70000,0,0,0,0,0,0,0,0,0,9,1240,0,1,0,2,992,0,0,0
6,0,3645000,59908,0,5,1556,2300,2,1360,70000,0,0,0,0,0,0,0,0,0,9,1228,0,1,0,2,992,0,0,0
6,10,3645000,60000,0,5,1556,2300,2,1360,70000,0,0,0,0,0,0,0,0,0,9,1218,0,1,0,2,992,0,0,0
6,10,3645000,60000,0,5,1706,2300,2,1360,70000,0,0,0,0,0,0,0,0,0,9,1038,0,1,0,2,992,0,0,0
6,10,3645000,60000,0,5,1806,2300,2,1360,70000,0,0,0,0,0,0,0,0,0,9,908,0,1,0,2,992,0,0,0
6,10,3645000,60000,0,5,156,2300,2,1360,70000,0,0,0,0,0,0,0,0,0,10,630,0,1,1,2,992,0,0,0
6,10,3645000,60000,0,5,209,2300,2,1360,70000,0,0,0,0,0,0,0,0,0,10,550,0,1,1,2,992,0,0,0
6,20,3645000,60000,0,5,212,2300,2,1360,70000,0,0,0,0,0,0,0,0,0,10,500,0,1,1,2,992,0,0,0
6,20,3645000,60000,0,5,214,2300,2,1360,70000,0,0,0,0,0,0,0,0,0,10,460,0,1,1,2,992,0,0,0
6,20,3645000,60000,0,5,218,2300,2,1280,70000,0,0,0,0,0,0,0,0,0,10,460,0,1,1,2,992,0,0,0
6,20,3645000,60000,0,5,220,2300,2,1220,70000,0,0,0,0,0,0,0,0,0,10,480,0,1,1,2,992,0,0,0
6,20,3645000,60000,0,5,223,2300,2,1100,70000,0,0,0,0,0,0,0,0,0,10,540,0,1,1,2,992,0,0,0
6,10,3645000,60000,0,5,227,2300,2,940,70000,0,0,0,0,0,0,0,0,0,10,630,0,1,1,2,992,0,0,0
6,10,3645000,60000,0,5,280,2300,2,840,70000,0,0,0,0,0,0,0,0,0,10,650,0,1,1,2,992,0,0,0
6,10,3645000,60000,0,5,381,2300,2,780,70000,0,0,0,0,0,0,0,0,0,10,580,0,1,1,2,992,0,0,0
6,10,3645000,60000,0,5,431,2300,2,760,70000,0,0,0,0,0,0,0,0,0,10,530,0,1,1,2,992,0,0,0
6,10,3645000,60000,0,5,681,2300,2,3700,70000,0,0,0,0,0,0,0,0,0,10,300,0,1,1,2,992,0,0,0
6,0,3645000,59998,0,5,781,2300,2,3460,70000,0,0,0,0,0,0,0,0,0,10,430,0,1,1,2,992,0,0,0
6,0,3645000,59995,0,5,831,2300,2,3220,70000,0,0,0,0,0,0,0,0,0,10,620,0,1,1,2,992,0,0,0
6,0,3645000,59993,0,5,831,2300,2,3040,70000,0,0,0,0,0,0,0,0,0,10,800,0,1,1,2,992,0,0,0
6,0,3645000,59989,0,5,831,2300,2,2680,70000,0,0,0,0,0,0,0,0,0,10,1160,0,1,1,2,992,0,0,0
6,0,3645000,59987,0,5,831,2300,2,2500,70000,0,0,0,0,0,0,0,0,0,10,1340,0,1,1,2,992,0,0,0
6,0,3645000,59984,0,5,831,2300,2,2360,70000,0,0,0,0,0,0,0,0,0,10,1480,0,1,1,2,992,0,0,0
6,0,3645000,59981,0,5,931,2300,2,2220,70000,0,0,0,0,0,0,0,0,0,9,1220,0,1,1,2,992,0,0,0
6,0,3645000,59978,0,5,1031,2300,2,2060,70000,0,0,0,0,0,0,0,0,0,9,1280,0,1,1,2,992,0,0,0
6,0,3645000,59975,0,5,1175,2300,2,1940,70000,0,0,0,0,0,0,0,0,0,9,1256,0,1,1,2,992,0,0,0
6,0,3645000,59972,0,5,1225,2300,2,1840,70000,0,0,0,0,0,0,0,0,0,9,1306,0,1,1,2,992,0,0,0
6,10,3645000,60000,0,5,1375,2300,2,1720,70000,0,0,0,0,0,0,0,0,0,9,1256,0,1,1,2,992,0,0,0
6,10,3645000,60000,0,5,1725,2300,2,1580,70000,0,0,0,0,0,0,0,0,0,9,1016,0,1,1,2,992,0,0,0
6,10,3645000,60000,0,5,1727,2300,2,1580,70000,0,0,0,0,0,0,0,0,0,9,994,0,1,1,2,992,0,0,0
6,10,3645000,60000,0,5,1731,2300,2,1580,70000,0,0,0,0,0,0,0,0,0,9,960,0,1,1,2,992,0,0,0
6,10,3645000,60000,0,5,1731,2300,2,1580,70000,0,0,0,0,0,0,0,0,0,9,930,0,1,1,2,992,0,0,0
6,10,3645000,60000,0,5,1781,2300,2,1580,70000,0,0,0,0,0,0,0,0,0,9,860,0,1,1,2,992,0,0,0
6,10,3645000,60000,0,5,1831,2300,2,1580,70000,0,0,0,0,0,0,0,0,0,9,780,0,1,1,2,992,0,0,0
6,10,3645000,60000,0,5,1881,2300,2,1580,70000,0,0,0,0,0,0,0,0,0,9,710,0,1,0,2,992,0,0,0
6,10,3645000,60000,0,5,1881,2300,2,1520,70000,0,0,0,0,0,0,0,0,0,9,730,0,1,0,2,992,0,0,0
6,10,3645000,60000,0,5,55,2300,2,1460,70000,0,0,0,0,0,0,0,0,0,10,687,0,1,1,2,992,0,0,0
6,10,3645000,60000,0,5,434,2300,2,1400,70000,0,0,0,0,0,0,0,0,0,10,340,0,1,1,2,992,0,0,0
6,0,3645000,59999,0,5,434,2300,2,1380,70000,0,0,0,0,0,0,0,0,0,10,360,0,1,1,2,992,0,0,0
6,0,3645000,59996,0,5,434,2300,2,1340,70000,0,0,0,0,0,0,0,0,0,10,400,0,1,1,2,992,0,0,0
6,0,3645000,59993,0,5,434,2300,2,1280,70000,0,0,0,0,0,0,0,0,0,10,460,0,1,1,2,992,0,0,0
6,0,3645000,59990,0,5,434,2300,2,1280,70000,0,0,0,0,0,0,0,0,0,10,460,0,1,1,2,992,0,0,0
6,0,3645000,59986,0,5,434,2300,2,1280,70000,0,0,0,0,0,0,0,0,0,10,460,0,1,1,2,992,0,0,0
6,0,3645000,59983,0,5,434,2300,2,1280,70000,0,0,0,0,0,0,0,0,0,10,460,0,1,1,2,992,0,0,0
6,0,3645000,59980,0,5,434,2300,2,1200,70000,0,0,0,0,0,0,0,0,0,10,540,0,1,1,2,992,0,0,0
6,0,3645000,59977,0,5,434,2300,2,1060,70000,0,0,0,0,0,0,0,0,0,10,680,0,1,1,2,992,0,0,0
6,0,3645000,59973,0,5,584,2300,2,820,70000,0,0,0,0,0,0,0,0,0,10,770,0,1,1,2,992,0,0,0
6,0,3645000,59970,0,5,684,2300,2,640,70000,0,0,0,0,0,0,0,0,0,10,850,0,1,1,2,992,0,0,0
6,0,3645000,59967,0,5,734,2300,2,480,70000,0,0,0,0,0,0,0,0,0,10,960,0,1,1,2,992,0,0,0
6,0,3645000,59964,0,5,734,2300,2,400,70000,0,0,0,0,0,0,0,0,0,10,1040,0,1,1,2,992,0,0,0
6,0,3645000,59960,0,5,734,2300,2,380,70000,0,0,0,0,0,0,0,0,0,10,1060,0,1,1,2,992,0,0,0
6,0,3645000,59958,0,5,734,2300,2,380,70000,0,0,0,0,0,0,0,0,0,10,1060,0,1,1,2,992,0,0,0
6,0,3645000,59954,0,5,734,2300,2,380,70000,0,0,0,0,0,0,0,0,0,10,1060,0,1,1,2,992,0,0,0
6,0,3645000,59950,0,5,734,2300,2,320,70000,0,0,0,0,0,0,0,0,0,10,1120,0,1,1,2,992,0,0,0
6,0,3645000,59947,0,5,881,2300,2,260,70000,0,0,0,0,0,0,0,0,0,9,790,0,1,1,2,1195,0,0,0
6,10,3645000,60000,0,5,931,2300,2,200,70000,0,0,0,0,0,0,0,0,0,9,770,0,1,1,2,1165,0,0,0
6,10,3645000,60000,0,5,1031,2300,2,140,70000,0,0,0,0,0,0,0,0,0,9,700,0,1,1,2,1135,0,0,0
6,10,3645000,60000,0,5,1131,2300,2,80,70000,0,0,0,0,0,0,0,0,0,9,620,0,1,1,2,1095,0,0,0
6,10,3645000,60000,0,5,1131,2300,2,80,70000,0,0,0,0,0,0,0,0,0,9,600,0,1,1,2,1075,0,0,0
6,10,3645000,60000,0,5,1131,2300,2,80,70000,0,0,0,0,0,0,0,0,0,9,560,0,1,1,2,1035,0,0,0
6,10,3645000,60000,0,5,1131,2300,2,20,70000,0,0,0,0,0,0,0,0,0,9,580,0,1,1,2,995,0,0,0
6,10,3645000,60000,0,5,1131,2300,2,0,70000,0,0,0,0,0,0,0,0,0,9,580,0,1,1,2,995,0,0,0
6,10,3645000,60000,0,5,1131,2300,2,0,70000,0,0,0,0,0,0,0,0,0,9,540,0,1,1,2,995,0,0,0
6,10,3645000,60000,0,5,1281,2300,2,0,70000,0,0,0,0,0,0,0,0,0,9,360,0,1,0,2,995,0,0,0
6,0,3645000,59997,0,5,1381,2300,2,0,70000,0,0,0,0,0,0,0,0,0,9,250,0,1,0,2,995,0,0,0
6,0,3645000,59994,0,5,1431,2300,2,0,70000,0,0,0,0,0,0,0,0,0,9,200,0,1,0,2,995,0,0,0
6,0,3645000,59991,0,5,1431,2300,2,0,70000,0,0,0,0,0,0,0,0,0,9,200,0,1,0,2,995,0,0,0
6,0,3645000,59988,0,5,1431,2300,2,0,70000,0,0,0,0,0,0,0,0,0,9,200,0,1,0,2,995,0,0,0
6,0,3645000,59985,0,5,1431,2300,2,0,70000,0,0,0,0,0,0,0,0,0,9,200,0,1,0,2,995,0,0,0
6,0,3645000,59981,0,5,1431,2300,2,0,70000,0,0,0,0,0,0,0,0,0,9,200,0,1,0,2,995,0,0,0
6,0,3645000,59978,0,5,1431,2300,2,0,70000,0,0,0,0,0,0,0,0,0,9,200,0,1,0,2,995,0,0,0
6,0,3645000,59975,0,5,1431,2300,2,0,70000,0,0,0,0,0,0,0,0,0,9,200,0,1,0,2,995,0,0,0
6,0,3645000,59971,0,5,1431,2300,2,0,70000,0,0,0,0,0,0,0,0,0,9,200,0,1,0,2,995,0,0,0
6,0,3645000,59968,0,5,1431,2300,2,0,70000,0,0,0,0,0,0,0,0,0,9,200,0,1,0,2,995,0,0,0
6,0,3645000,59965,0,5,1431,2300,2,0,70000,0,0,0,0,0,0,0,0,0,9,200,0,1,0,2,995,0,0,0
6,0,3645000,59962,0,5,1431,2300,2,0,70000,0,0,0,0,0,0,0,0,0,9,200,0,1,0,2,995,0,0,0
6,0,3645000,59958,0,5,1431,2300,2,0,70000,0,0,0,0,0,0,0,0,0,9,200,0,1,0,2,995,0,0,0
6,0,3645000,59955,0,5,1431,2300,2,0,70000,0,0,0,0,0,0,0,0,0,9,200,0,1,0,2,995,0,0,0
6,0,3645000,59952,0,5,1431,2300,2,0,70000,0,0,0,0,0,0,0,0,0,9,200,0,1,0,2,995,0,0,0
6,0,3645000,59948,0,5,1431,2300,2,0,70000,0,0,0,0,0,0,0,0,0,9,200,0,1,0,2,995,0,0,0
6,0,3645000,59945,0,5,1431,2300,2,0,70000,0,0,0,0,0,0,0,0,0,9,200,0,1,0,2,995,0,0,0
6,0,3645000,59942,0,5,1431,2300,2,0,70000,0,0,0,0,0,0,0,0,0,9,200,0,1,0,2,995,0,0,0
6,0,3645000,59939,0,5,1431,2300,2,0,70000,0,0,0,0,0,0,0,0,0,9,200,0,1,0,2,995,0,0,0
6,0,3645000,59935,0,5,1431,2300,2,2840,70000,0,0,0,0,0,0,0,0,0,9,360,0,1,0,2,995,0,0,0
6,0,3645000,59932,0,5,1431,2300,2,2600,70000,0,0,0,0,0,0,0,0,0,9,600,0,1,0,2,995,0,0,0
6,0,3645000,59929,0,5,1431,2300,2,2360,70000,0,0,0,0,0,0,0,0,0,9,840,0,1,0,2,995,0,0,0
6,0,3645000,59926,0,5,1481,2300,2,2160,70000,0,0,0,0,0,0,0,0,0,9,990,0,1,0,2,995,0,0,0
6,0,3645000,59923,0,5,1631,2300,2,1980,70000,0,0,0,0,0,0,0,0,0,9,1020,0,1,0,2,995,0,0,0
6,0,3645000,59920,0,5,1681,2300,2,1920,70000,0,0,0,0,0,0,0,0,0,9,1030,0,1,0,2,995,0,0,0
6,0,3645000,59917,0,5,1731,2300,2,1920,70000,0,0,0,0,0,0,0,0,0,9,980,0,1,0,2,995,0,0,0
6,0,3645000,59914,0,5,1781,2300,2,1880,70000,0,0,0,0,0,0,0,0,0,9,970,0,1,0,2,995,0,0,0
6,0,3645000,59910,0,5,1881,2300,2,1800,70000,0,0,0,0,0,0,0,0,0,9,950,0,1,0,2,995,0,0,0
6,0,3645000,59908,0,5,32,2300,2,1760,70000,0,0,0,0,0,0,0,0,0,10,940,0,1,1,2,995,0,0,0
6,0,3645000,59905,0,5,135,2300,2,1700,70000,0,0,0,0,0,0,0,0,0,10,900,0,1,1,2,995,0,0,0
6,0,3645000,59901,0,5,139,2300,2,1620,70000,0,0,0,0,0,0,0,0,0,10,980,0,1,1,2,995,0,0,0
6,0,3645000,59898,0,5,242,2300,2,1560,70000,0,0,0,0,0,0,0,0,0,10,940,0,1,1,2,995,0,0,0
6,0,3645000,59895,0,5,344,2300,2,1500,70000,0,0,0,0,0,0,0,0,0,10,900,0,1,1,2,995,0,0,0
6,0,3645000,59892,0,5,444,2300,2,1440,70000,0,0,0,0,0,0,0,0,0,10,860,0,1,1,2,995,0,0,0
6,0,3645000,59889,0,5,444,2300,2,1380,70000,0,0,0,0,0,0,0,0,0,10,920,0,1,1,2,995,0,0,0
6,0,3645000,59887,0,5,444,2300,2,1300,70000,0,0,0,0,0,0,0,0,0,10,1000,0,1,1,2,995,0,0,0
6,0,3645000,59884,0,5,494,2300,2,1220,70000,0,0,0,0,0,0,0,0,0,10,1030,0,1,1,2,995,0,0,0
6,0,3645000,59881,0,5,594,2300,2,1160,70000,0,0,0,0,0,0,0,0,0,10,990,0,1,1,2,995,0,0,0
6,0,3645000,59878,0,5,694,2300,2,1100,70000,0,0,0,0,0,0,0,0,0,10,950,0,1,1,2,995,0,0,0
6,0,3645000,59876,0,5,744,2300,2,1060,70000,0,0,0,0,0,0,0,0,0,10,940,0,1,1,2,995,0,0,0
6,0,3645000,59873,0,5,744,2300,2,1000,70000,0,0,0,0,0,0,0,0,0,10,1000,0,1,1,2,995,0,0,0
6,0,3645000,59871,0,5,744,2300,2,960,70000,0,0,0,0,0,0,0,0,0,10,1040,0,1,1,2,995,0,0,0
6,0,3645000,59868,0,5,844,2300,2,900,70000,0,0,0,0,0,0,0,0,0,10,1000,0,1,1,2,995,0,0,0
6,10,3645000,60000,0,5,894,2300,2,860,70000,0,0,0,0,0,0,0,0,0,10,970,0,1,1,2,995,0,0,0
6,10,3645000,60000,0,5,994,2300,2,800,70000,0,0,0,0,0,0,0,0,0,10,900,0,1,1,2,995,0,0,0
6,10,3645000,60000,0,5,1044,2300,2,740,70000,0,0,0,0,0,0,0,0,0,10,880,0,1,1,2,995,0,0,0
6,10,3645000,60000,0,5,1044,2300,2,720,70000,0,0,0,0,0,0,0,0,0,10,870,0,1,1,2,995,0,0,0
6,10,3645000,60000,0,5,1094,2300,2,700,70000,0,0,0,0,0,0,0,0,0,10,820,0,1,1,2,995,0,0,0
6,20,3645000,60000,0,5,1194,2300,2,640,70000,0,0,0,0,0,0,0,0,0,10,730,0,1,1,2,995,0,0,0
6,20,3645000,60000,0,5,1294,2300,2,580,70000,0,0,0,0,0,0,0,0,0,10,630,0,1,1,2,995,0,0,0
6,20,3645000,60000,0,5,1344,2300,2,500,70000,0,0,0,0,0,0,0,0,0,10,580,0,1,1,2,995,0,0,0
6,20,3645000,60000,0,5,1344,2300,2,3400,70000,0,0,0,0,0,0,0,0,0,10,640,0,1,1,2,995,0,0,0
6,20,3645000,60000,0,5,1344,2300,2,3040,70000,0,0,0,0,0,0,0,0,0,10,920,0,1,1,2,995,0,0,0
6,10,3645000,60000,0,5,1413,2300,2,2800,70000,0,0,0,0,0,0,0,0,0,10,1051,0,1,1,2,995,0,0,0
6,10,3645000,60000,0,5,1463,2300,2,2560,70000,0,0,0,0,0,0,0,0,0,10,1211,0,1,1,2,995,0,0,0
6,10,3645000,60000,0,5,1513,2300,2,2440,70000,0,0,0,0,0,0,0,0,0,10,1261,0,1,1,2,995,0,0,0
6,10,3645000,60000,0,5,1563,2300,2,2260,70000,0,0,0,0,0,0,0,0,0,10,1361,0,1,1,2,995,0,0,0
6,10,3645000,60000,0,5,1694,2300,2,2160,70000,0,0,0,0,0,0,0,0,0,10,1300,0,1,0,2,995,0,0,0
6,0,3645000,59998,0,5,1694,2300,2,2040,70000,0,0,0,0,0,0,0,0,0,10,1410,0,1,0,2,995,0,0,0
6,0,3645000,59996,0,5,1744,2300,2,1960,70000,0,0,0,0,0,0,0,0,0,10,1440,0,1,0,2,995,0,0,0
6,0,3645000,59993,0,5,1794,2300,2,1840,70000,0,0,0,0,0,0,0,0,0,10,1510,0,1,0,2,995,0,0,0
6,0,3645000,59990,0,5,2094,2300,2,1680,70000,0,0,0,0,0,0,0,0,0,11,1370,0,1,0,2,995,0,0,0
6,0,3645000,59987,0,5,445,2300,2,1580,70000,0,0,0,0,0,0,0,0,0,11,1220,0,1,1,2,995,0,0,0
6,0,3645000,59985,0,5,495,2300,2,1580,70000,0,0,0,0,0,0,0,0,0,11,1170,0,1,1,2,995,0,0,0
6,10,3645000,60000,0,5,595,2300,2,1580,70000,0,0,0,0,0,0,0,0,0,11,1060,0,1,1,2,995,0,0,0
6,10,3645000,60000,0,5,645,2300,2,1580,70000,0,0,0,0,0,0,0,0,0,11,980,0,1,1,2,995,0,0,0
6,10,3645000,60000,0,5,645,2300,2,1580,70000,0,0,0,0,0,0,0,0,0,11,950,0,1,1,2,995,0,0,0
6,10,3645000,60000,0,5,645,2300,2,1560,70000,0,0,0,0,0,0,0,0,0,11,940,0,1,1,2,995,0,0,0
6,10,3645000,60000,0,5,695,2300,2,1500,70000,0,0,0,0,0,0,0,0,0,10,920,0,1,1,2,995,0,0,0
6,20,3645000,60000,0,5,745,2300,2,1440,70000,0,0,0,0,0,0,0,0,0,10,870,0,1,1,2,995,0,0,0
6,20,3645000,60000,0,5,745,2300,2,1380,70000,0,0,0,0,0,0,0,0,0,10,870,0,1,1,2,995,0,0,0
6,20,3645000,60000,0,5,845,2300,2,1320,70000,0,0,0,0,0,0,0,0,0,10,770,0,1,1,2,995,0,0,0
6,20,3645000,60000,0,5,845,2300,2,1280,70000,0,0,0,0,0,0,0,0,0,10,770,0,1,1,2,995,0,0,0
6,20,3645000,60000,0,5,945,2300,2,1280,70000,0,0,0,0,0,0,0,0,0,10,610,0,1,1,2,995,0,0,0
6,20,3645000,60000,0,5,945,2300,2,1280,70000,0,0,0,0,0,0,0,0,0,10,550,0,1,1,2,995,0,0,0
6,10,3645000,60000,0,5,945,2300,2,1280,70000,0,0,0,0,0,0,0,0,0,10,530,0,1,1,2,995,0,0,0
6,10,3645000,60000,0,5,945,2300,2,1280,70000,0,0,0,0,0,0,0,0,0,10,490,0,1,1,2,995,0,0,0
6,10,3645000,60000,0,5,945,2300,2,1280,70000,0,0,0,0,0,0,0,0,0,10,460,0,1,1,2,995,0,0,0
6,10,3645000,60000,0,5,995,2300,2,1280,70000,0,0,0,0,0,0,0,0,0,10,380,0,1,1,2,995,0,0,0
6,0,3645000,59998,0,5,1245,2300,2,1240,70000,0,0,0,0,0,0,0,0,0,10,160,0,1,1,2,995,0,0,0
6,0,3645000,59995,0,5,1245,2300,2,1180,70000,0,0,0,0,0,0,0,0,0,10,220,0,1,1,2,995,0,0,0
6,0,3645000,59991,0,5,1245,2300,2,1040,70000,0,0,0,0,0,0,0,0,0,10,360,0,1,1,2,995,0,0,0
6,0,3645000,59989,0,5,1245,2300,2,960,70000,0,0,0,0,0,0,0,0,0,10,440,0,1,1,2,995,0,0,0
6,0,3645000,59985,0,5,1245,2300,2,800,70000,0,0,0,0,0,0,0,0,0,10,600,0,1,1,2,995,0,0,0
6,0,3645000,59982,0,5,1245,2300,2,740,70000,0,0,0,0,0,0,0,0,0,10,660,0,1,1,2,995,0,0,0
6,0,3645000,59979,0,5,1245,2300,2,620,70000,0,0,0,0,0,0,0,0,0,10,780,0,1,1,2,995,0,0,0
6,0,3645000,59976,0,5,1245,2300,2,500,70000,0,0,0,0,0,0,0,0,0,10,900,0,1,1,2,995,0,0,0
6,0,3645000,59973,0,5,1245,2300,2,380,70000,0,0,0,0,0,0,0,0,0,10,1020,0,1,1,2,995,0,0,0
6,0,3645000,59970,0,5,1245,2300,2,260,70000,0,0,0,0,0,0,0,0,0,10,1140,0,1,1,2,995,0,0,0
6,0,3645000,59967,0,5,1344,2300,2,140,70000,0,0,0,0,0,0,0,0,0,10,1161,0,1,1,2,995,0,0,0
6,0,3645000,59964,0,5,1394,2300,2,80,70000,0,0,0,0,0,0,0,0,0,10,1171,0,1,0,2,995,0,0,0
6,0,3645000,59961,0,5,1444,2300,2,80,70000,0,0,0,0,0,0,0,0,0,10,1121,0,1,0,2,995,0,0,0
6,10,3645000,60000,0,5,1544,2300,2,80,70000,0,0,0,0,0,0,0,0,0,10,1001,0,1,0,2,995,0,0,0
6,10,3645000,60000,0,5,1545,2300,2,80,70000,0,0,0,0,0,0,0,0,0,10,970,0,1,0,2,995,0,0,0
6,10,3645000,60000,0,5,1545,2300,2,80,70000,0,0,0,0,0,0,0,0,0,10,940,0,1,0,2,995,0,0,0
6,10,3645000,60000,0,5,1545,2300,2,80,70000,0,0,0,0,0,0,0,0,0,10,610,0,1,0,2,1295,0,0,0
6,10,3645000,60000,0,5,1545,2300,2,80,70000,0,0,0,0,0,0,0,0,0,10,580,0,1,0,2,1265,0,0,0
6,20,3645000,60000,0,5,1545,2300,2,80,70000,0,0,0,0,0,0,0,0,0,10,530,0,1,0,2,1225,0,0,0
6,20,3645000,60000,0,5,1545,2300,2,80,70000,0,0,0,0,0,0,0,0,0,10,490,0,1,0,2,1205,0,0,0
6,20,3645000,60000,0,5,1545,2300,2,80,70000,0,0,0,0,0,0,0,0,0,10,490,0,1,0,2,1205,0,0,0
6,20,3645000,60000,0,5,1545,2300,2,80,70000,0,0,0,0,0,0,0,0,0,10,490,0,1,0,2,1205,0,0,0
6,20,3645000,60000,0,5,1545,2300,2,80,70000,0,0,0,0,0,0,0,0,0,10,490,0,1,0,2,1205,0,0,0
6,20,3645000,60000,0,5,1545,2300,2,80,70000,0,0,0,0,0,0,0,0,0,10,490,0,1,0,2,1205,0,0,0
6,20,3645000,60000,0,5,1545,2300,2,80,70000,0,0,0,0,0,0,0,0,0,10,490,0,1,0,2,1205,0,0,0
6,20,3645000,60000,0,5,1545,2300,2,80,70000,0,0,0,0,0,0,0,0,0,10,490,0,1,0,2,1205,0,0,0
6,20,3645000,60000,0,5,1545,2300,2,80,70000,0,0,0,0,0,0,0,0,0,10,490,0,1,0,2,1205,0,0,0
6,20,3645000,60000,0,5,1545,2300,2,80,70000,0,0,0,0,0,0,0,0,0,10,490,0,1,0,2,1205,0,0,0
6,20,3645000,60000,0,5,1545,2300,2,80,70000,0,0,0,0,0,0,0,0,0,10,490,0,1,0,2,1205,0,0,0
6,20,3645000,60000,0,5,1545,2300,2,80,70000,0,0,0,0,0,0,0,0,0,10,490,0,1,0,2,1205,0,0,0
6,20,3645000,60000,0,5,1545,2300,2,80,70000,0,0,0,0,0,0,0,0,0,10,490,0,1,0,2,1205,0,0,0
6,20,3645000,60000,0,5,1545,2300,2,80,70000,0,0,0,0,0,0,0,0,0,10,490,0,1,0,2,1205,0,0,0
6,20,3645000,60000,0,5,1545,2300,2,80,70000,0,0,0,0,0,0,0,0,0,10,490,0,1,0,2,1205,0,0,0
6,20,3645000,60000,0,5,1545,2300,2,80,70000,0,0,0,0,0,0,0,0,0,10,490,0,1,0,2,1205,0,0,0
6,20,3645000,60000,0,5,1545,2300,2,80,70000,0,0,0,0,0,0,0,0,0,10,490,0,1,0,2,1205,0,0,0
6,20,3645000,60000,0,5,1545,2300,2,80,70000,0,0,0,0,0,0,0,0,0,10,490,0,1,0,2,1205,0,0,0
6,20,3645000,60000,0,5,1545,2300,2,80,70000,0,0,0,0,0,0,0,0,0,10,490,0,1,0,2,1205,0,0,0
6,20,3645000,60000,0,5,1545,2300,2,80,70000,0,0,0,0,0,0,0,0,0,10,490,0,1,0,2,1205,0,0,0
6,20,3645000,60000,0,5,1545,2300,2,80,70000,0,0,0,0,0,0,0,0,0,10,450,0,1,0,2,995,0,0,0
6,20,3645000,60000,0,5,1545,2300,2,80,70000,0,0,0,0,0,0,0,0,0,10,410,0,1,0,2,995,0,0,0
6,20,3645000,60000,0,5,1545,2300,2,0,70000,0,0,0,0,0,0,0,0,0,10,410,0,1,0,2,995,0,0,0
6,20,3645000,60000,0,5,1545,2300,2,0,70000,0,0,0,0,0,0,0,0,0,10,370,0,1,0,2,995,0,0,0
6,10,3645000,60000,0,5,1545,2300,2,0,70000,0,0,0,0,0,0,0,0,0,10,330,0,1,0,2,995,0,0,0
6,10,3645000,60000,0,5,1545,2300,2,2920,70000,0,0,0,0,0,0,0,0,0,10,380,0,1,0,2,995,0,0,0
6,10,3645000,60000,0,5,1545,2300,2,2760,70000,0,0,0,0,0,0,0,0,0,10,520,0,1,0,2,995,0,0,0
6,10,3645000,60000,0,5,1545,2300,2,2520,70000,0,0,0,0,0,0,0,0,0,10,730,0,1,0,2,995,0,0,0
6,10,3645000,60000,0,5,1545,2300,2,2360,70000,0,0,0,0,0,0,0,0,0,10,870,0,1,0,2,995,0,0,0
6,10,3645000,60000,0,5,1545,2300,2,2140,70000,0,0,0,0,0,0,0,0,0,10,1060,0,1,0,2,995,0,0,0
6,0,3645000,59997,0,5,1545,2300,2,1960,70000,0,0,0,0,0,0,0,0,0,10,1240,0,1,0,2,995,0,0,0
6,0,3645000,59994,0,5,1645,2300,2,1880,70000,0,0,0,0,0,0,0,0,0,10,1220,0,1,0,2,995,0,0,0
6,0,3645000,59991,0,5,1751,2300,2,1760,70000,0,0,0,0,0,0,0,0,0,10,1234,0,1,0,2,995,0,0,0
6,0,3645000,59988,0,5,1851,2300,2,1640,70000,0,0,0,0,0,0,0,0,0,10,1254,0,1,0,2,995,0,0,0
6,0,3645000,59985,0,5,1851,2300,2,1520,70000,0,0,0,0,0,0,0,0,0,10,1374,0,1,0,2,995,0,0,0
6,0,3645000,59982,0,5,53,2300,2,1340,70000,0,0,0,0,0,0,0,0,0,11,1454,0,1,1,2,995,0,0,0
6,0,3645000,59978,0,5,207,2300,2,1180,70000,0,0,0,0,0,0,0,0,0,11,1464,0,1,1,2,995,0,0,0
6,0,3645000,59976,0,5,253,2300,2,1140,70000,0,0,0,0,0,0,0,0,0,11,1460,0,1,1,2,995,0,0,0
6,0,3645000,59973,0,5,256,2300,2,1080,70000,0,0,0,0,0,0,0,0,0,11,1520,0,1,1,2,995,0,0,0
6,0,3645000,59970,0,5,259,2300,2,1020,70000,0,0,0,0,0,0,0,0,0,11,1580,0,1,1,2,995,0,0,0
6,0,3645000,59967,0,5,359,2300,2,1000,70000,0,0,0,0,0,0,0,0,0,11,1500,0,1,1,2,995,0,0,0
6,0,3645000,59965,0,5,409,2300,2,960,70000,0,0,0,0,0,0,0,0,0,11,1490,0,1,1,2,995,0,0,0
6,0,3645000,59962,0,5,509,2300,2,900,70000,0,0,0,0,0,0,0,0,0,11,1450,0,1,1,2,995,0,0,0
6,0,3645000,59958,0,5,559,2300,2,820,70000,0,0,0,0,0,0,0,0,0,11,1480,0,1,1,2,995,0,0,0
6,0,3645000,59955,0,5,559,2300,2,700,70000,0,0,0,0,0,0,0,0,0,11,1600,0,1,1,2,995,0,0,0
6,0,3645000,59953,0,5,559,2300,2,620,70000,0,0,0,0,0,0,0,0,0,11,1680,0,1,1,2,995,0,0,0
6,0,3645000,59950,0,5,659,2300,2,560,70000,0,0,0,0,0,0,0,0,0,11,1640,0,1,1,2,995,0,0,0
6,10,3645000,60000,0,5,759,2300,2,500,70000,0,0,0,0,0,0,0,0,0,11,1570,0,1,1,2,995,0,0,0
6,10,3645000,60000,0,5,859,2300,2,420,70000,0,0,0,0,0,0,0,0,0,11,1510,0,1,1,2,995,0,0,0
6,10,3645000,60000,0,5,859,2300,2,400,70000,0,0,0,0,0,0,0,0,0,11,1500,0,1,1,2,995,0,0,0
6,20,3645000,60000,0,5,959,2300,2,340,70000,0,0,0,0,0,0,0,0,0,11,1410,0,1,1,2,995,0,0,0
6,20,3645000,60000,0,5,1059,2300,2,280,70000,0,0,0,0,0,0,0,0,0,11,1310,0,1,1,2,995,0,0,0
6,20,3645000,60000,0,5,1159,2300,2,220,70000,0,0,0,0,0,0,0,0,0,11,1210,0,1,1,2,995,0,0,0
6,20,3645000,60000,0,5,1159,2300,2,160,70000,0,0,0,0,0,0,0,0,0,11,1210,0,1,1,2,995,0,0,0
6,30,3645000,60000,0,5,1159,2300,2,80,70000,0,0,0,0,0,0,0,0,0,11,1210,0,1,1,2,995,0,0,0
6,30,3645000,60000,0,5,1209,2300,2,20,70000,0,0,0,0,0,0,0,0,0,11,1130,0,1,1,2,995,0,0,0
6,20,3645000,60000,0,5,1309,2300,2,0,70000,0,0,0,0,0,0,0,0,0,11,970,0,1,1,2,995,0,0,0
6,30,3645000,60000,0,5,1409,2300,2,2880,70000,0,0,0,0,0,0,0,0,0,11,920,0,1,1,2,995,0,0,0
6,30,3645000,60000,0,5,1459,2300,2,2700,70000,0,0,0,0,0,0,0,0,0,10,960,0,1,1,2,995,0,0,0
6,30,3645000,60000,0,5,1459,2300,2,2520,70000,0,0,0,0,0,0,0,0,0,10,1050,0,1,1,2,995,0,0,0
6,20,3645000,60000,0,5,1459,2300,2,2400,70000,0,0,0,0,0,0,0,0,0,10,1120,0,1,1,2,995,0,0,0
6,20,3645000,60000,0,5,1459,2300,2,2220,70000,0,0,0,0,0,0,0,0,0,10,1220,0,1,1,2,995,0,0,0
6,20,3645000,60000,0,5,1459,2300,2,2180,70000,0,0,0,0,0,0,0,0,0,10,1200,0,1,1,2,995,0,0,0
6,20,3645000,60000,0,5,1459,2300,2,2180,70000,0,0,0,0,0,0,0,0,0,10,1160,0,1,0,2,995,0,0,0
6,10,3645000,60000,0,5,1459,2300,2,2180,70000,0,0,0,0,0,0,0,0,0,10,1110,0,1,0,2,995,0,0,0
6,10,3645000,60000,0,5,1459,2300,2,2180,70000,0,0,0,0,0,0,0,0,0,10,1100,0,1,0,2,995,0,0,0
6,10,3645000,60000,0,5,1509,2300,2,2180,70000,0,0,0,0,0,0,0,0,0,10,1020,0,1,0,2,995,0,0,0
6,10,3645000,60000,0,5,1559,2300,2,2180,70000,0,0,0,0,0,0,0,0,0,10,940,0,1,0,2,995,0,0,0
6,0,3645000,59999,0,5,1609,2300,2,2180,70000,0,0,0,0,0,0,0,0,0,10,870,0,1,0,2,995,0,0,0
6,0,3645000,59996,0,5,1659,2300,2,2180,70000,0,0,0,0,0,0,0,0,0,10,820,0,1,0,2,995,0,0,0
6,0,3645000,59994,0,5,1959,2300,2,2140,70000,0,0,0,0,0,0,0,0,0,11,560,0,1,0,2,995,0,0,0
6,10,3645000,60000,0,5,163,2300,2,2060,70000,0,0,0,0,0,0,0,0,0,11,510,0,1,1,2,995,0,0,0
6,10,3645000,60000,0,5,165,2300,2,2020,70000,0,0,0,0,0,0,0,0,0,11,530,0,1,1,2,995,0,0,0
6,10,3645000,60000,0,5,169,2300,2,1940,70000,0,0,0,0,0,0,0,0,0,11,570,0,1,1,2,995,0,0,0
6,10,3645000,60000,0,5,172,2300,2,1880,70000,0,0,0,0,0,0,0,0,0,11,600,0,1,1,2,995,0,0,0
6,10,3645000,60000,0,5,175,2300,2,1880,70000,0,0,0,0,0,0,0,0,0,11,570,0,1,1,2,995,0,0,0
6,10,3645000,60000,0,5,177,2300,2,1860,70000,0,0,0,0,0,0,0,0,0,11,570,0,1,1,2,995,0,0,0
6,10,3645000,60000,0,5,181,2300,2,1760,70000,0,0,0,0,0,0,0,0,0,11,630,0,1,1,2,995,0,0,0
6,10,3645000,60000,0,5,184,2300,2,1640,70000,0,0,0,0,0,0,0,0,0,11,720,0,1,1,2,995,0,0,0
6,10,3645000,60000,0,5,186,2300,2,1560,70000,0,0,0,0,0,0,0,0,0,11,780,0,1,1,2,995,0,0,0
6,10,3645000,60000,0,5,289,2300,2,1440,70000,0,0,0,0,0,0,0,0,0,11,770,0,1,1,2,995,0,0,0
6,0,3645000,59998,0,5,390,2300,2,1340,70000,0,0,0,0,0,0,0,0,0,11,760,0,1,1,2,995,0,0,0
6,0,3645000,59996,0,5,440,2300,2,1300,70000,0,0,0,0,0,0,0,0,0,11,750,0,1,1,2,995,0,0,0
6,0,3645000,59993,0,5,490,2300,2,1280,70000,0,0,0,0,0,0,0,0,0,11,720,0,1,1,2,995,0,0,0
6,0,3645000,59990,0,5,490,2300,2,1280,70000,0,0,0,0,0,0,0,0,0,11,720,0,1,1,2,995,0,0,0
6,0,3645000,59987,0,5,490,2300,2,1280,70000,0,0,0,0,0,0,0,0,0,11,720,0,1,1,2,995,0,0,0
6,0,3645000,59985,0,5,490,2300,2,1280,70000,0,0,0,0,0,0,0,0,0,11,720,0,1,1,2,995,0,0,0
6,0,3645000,59982,0,5,490,2300,2,1280,70000,0,0,0,0,0,0,0,0,0,11,720,0,1,1,2,995,0,0,0
6,0,3645000,59979,0,5,540,2300,2,1240,70000,0,0,0,0,0,0,0,0,0,11,710,0,1,1,2,995,0,0,0
6,0,3645000,59976,0,5,790,2300,2,1180,70000,0,0,0,0,0,0,0,0,0,11,520,0,1,1,2,995,0,0,0
6,0,3645000,59973,0,5,890,2300,2,1100,70000,0,0,0,0,0,0,0,0,0,11,500,0,1,1,2,995,0,0,0
6,0,3645000,59970,0,5,940,2300,2,980,70000,0,0,0,0,0,0,0,0,0,11,570,0,1,1,2,995,0,0,0
6,0,3645000,59967,0,5,990,2300,2,860,70000,0,0,0,0,0,0,0,0,0,11,640,0,1,1,2,995,0,0,0
6,0,3645000,59964,0,5,1090,2300,2,780,70000,0,0,0,0,0,0,0,0,0,11,620,0,1,1,2,995,0,0,0
6,0,3645000,59962,0,5,1090,2300,2,740,70000,0,0,0,0,0,0,0,0,0,11,660,0,1,1,2,995,0,0,0
6,0,3645000,59959,0,5,1090,2300,2,660,70000,0,0,0,0,0,0,0,0,0,11,740,0,1,1,2,995,0,0,0
6,0,3645000,59956,0,5,1090,2300,2,600,70000,0,0,0,0,0,0,0,0,0,10,800,0,1,1,2,995,0,0,0
6,0,3645000,59953,0,5,1090,2300,2,540,70000,0,0,0,0,0,0,0,0,0,10,860,0,1,1,2,995,0,0,0
6,0,3645000,59950,0,5,1090,2300,2,480,70000,0,0,0,0,0,0,0,0,0,10,920,0,1,1,2,995,0,0,0
6,0,3645000,59948,0,5,1090,2300,2,440,70000,0,0,0,0,0,0,0,0,0,10,960,0,1,1,2,995,0,0,0
6,10,3645000,60000,0,5,1090,2300,2,380,70000,0,0,0,0,0,0,0,0,0,10,1000,0,1,0,2,995,0,0,0
6,10,3645000,60000,0,5,1090,2300,2,380,70000,0,0,0,0,0,0,0,0,0,10,970,0,1,0,2,995,0,0,0
6,10,3645000,60000,0,5,1159,2300,2,380,70000,0,0,0,0,0,0,0,0,0,10,871,0,1,0,2,995,0,0,0
6,10,3645000,60000,0,5,1259,2300,2,380,70000,0,0,0,0,0,0,0,0,0,10,741,0,1,0,2,995,0,0,0
6,10,3645000,60000,0,5,1309,2300,2,380,70000,0,0,0,0,0,0,0,0,0,10,661,0,1,0,2,995,0,0,0
6,10,3645000,60000,0,5,1390,2300,2,360,70000,0,0,0,0,0,0,0,0,0,10,570,0,1,0,2,995,0,0,0
6,10,3645000,60000,0,5,1390,2300,2,320,70000,0,0,0,0,0,0,0,0,0,10,590,0,1,0,2,995,0,0,0
6,10,3645000,60000,0,5,1390,2300,2,280,70000,0,0,0,0,0,0,0,0,0,10,610,0,1,0,2,995,0,0,0
6,10,3645000,60000,0,5,1390,2300,2,220,70000,0,0,0,0,0,0,0,0,0,10,340,0,1,0,2,1275,0,0,0
6,10,3645000,60000,0,5,1390,2300,2,160,70000,0,0,0,0,0,0,0,0,0,10,370,0,1,0,2,1245,0,0,0
6,10,3645000,60000,0,5,1390,2300,2,100,70000,0,0,0,0,0,0,0,0,0,10,400,0,1,0,2,1215,0,0,0
6,0,3645000,59998,0,5,1390,2300,2,80,70000,0,0,0,0,0,0,0,0,0,10,420,0,1,0,2,1195,0,0,0
6,0,3645000,59994,0,5,1390,2300,2,80,70000,0,0,0,0,0,0,0,0,0,10,420,0,1,0,2,1155,0,0,0
6,0,3645000,59991,0,5,1390,2300,2,40,70000,0,0,0,0,0,0,0,0,0,10,460,0,1,0,2,1125,0,0,0
6,0,3645000,59988,0,5,1390,2300,2,0,70000,0,0,0,0,0,0,0,0,0,10,500,0,1,0,2,1095,0,0,0
6,0,3645000,59985,0,5,1390,2300,2,0,70000,0,0,0,0,0,0,0,0,0,10,500,0,1,0,2,1065,0,0,0
6,0,3645000,59982,0,5,1390,2300,2,0,70000,0,0,0,0,0,0,0,0,0,10,500,0,1,0,2,1035,0,0,0
6,0,3645000,59980,0,5,1390,2300,2,0,70000,0,0,0,0,0,0,0,0,0,10,500,0,1,0,2,1015,0,0,0
6,0,3645000,59978,0,5,1390,2300,2,0,70000,0,0,0,0,0,0,0,0,0,10,500,0,1,0,2,995,0,0,0
6,10,3645000,60000,0,5,1390,2300,2,0,70000,0,0,0,0,0,0,0,0,0,10,480,0,1,0,2,995,0,0,0
6,10,3645000,60000,0,5,1390,2300,2,0,70000,0,0,0,0,0,0,0,0,0,10,450,0,1,0,2,995,0,0,0
6,10,3645000,60000,0,5,1390,2300,2,0,70000,0,0,0,0,0,0,0,0,0,10,420,0,1,0,2,995,0,0,0
6,10,3645000,60000,0,5,1390,2300,2,0,70000,0,0,0,0,0,0,0,0,0,10,390,0,1,0,2,995,0,0,0
6,10,3645000,60000,0,5,1390,2300,2,0,70000,0,0,0,0,0,0,0,0,0,10,360,0,1,0,2,995,0,0,0
6,10,3645000,60000,0,5,1390,2300,2,0,70000,0,0,0,0,0,0,0,0,0,10,320,0,1,0,2,995,0,0,0
6,10,3645000,60000,0,5,1390,2300,2,0,70000,0,0,0,0,0,0,0,0,0,10,300,0,1,0,2,995,0,0,0
6,10,3645000,60000,0,5,1390,2300,2,0,70000,0,0,0,0,0,0,0,0,0,10,270,0,1,0,2,995,0,0,0
6,10,3645000,60000,0,5,1390,2300,2,0,70000,0,0,0,0,0,0,0,0,0,10,240,0,1,0,2,995,0,0,0
6,10,3645000,60000,0,5,1390,2300,2,0,70000,0,0,0,0,0,0,0,0,0,10,210,0,1,0,2,995,0,0,0
6,0,3645000,59997,0,5,1390,2300,2,3000,70000,0,0,0,0,0,0,0,0,0,10,200,0,1,0,2,995,0,0,0
6,0,3645000,59995,0,5,1390,2300,2,2840,70000,0,0,0,0,0,0,0,0,0,10,360,0,1,0,2,995,0,0,0
6,0,3645000,59991,0,5,1390,2300,2,2520,70000,0,0,0,0,0,0,0,0,0,10,680,0,1,0,2,995,0,0,0
6,0,3645000,59988,0,5,1390,2300,2,2280,70000,0,0,0,0,0,0,0,0,0,10,920,0,1,0,2,995,0,0,0
6,0,3645000,59985,0,5,1482,2300,2,2080,70000,0,0,0,0,0,0,0,0,0,10,1028,0,1,0,2,995,0,0,0
6,0,3645000,59982,0,5,1532,2300,2,1840,70000,0,0,0,0,0,0,0,0,0,10,1218,0,1,0,2,995,0,0,0
6,0,3645000,59979,0,5,1782,2300,2,1780,70000,0,0,0,0,0,0,0,0,0,10,1028,0,1,0,2,995,0,0,0
6,0,3645000,59975,0,5,1890,2300,2,1640,70000,0,0,0,0,0,0,0,0,0,10,1060,0,1,0,2,995,0,0,0
6,0,3645000,59973,0,5,1932,2300,2,1520,70000,0,0,0,0,0,0,0,0,0,11,1138,0,1,0,2,995,0,0,0
6,0,3645000,59969,0,5,94,2300,2,1320,70000,0,0,0,0,0,0,0,0,0,11,1280,0,1,1,2,995,0,0,0
6,0,3645000,59966,0,5,97,2300,2,1200,70000,0,0,0,0,0,0,0,0,0,11,1400,0,1,1,2,995,0,0,0
6,0,3645000,59963,0,5,100,2300,2,1020,70000,0,0,0,0,0,0,0,0,0,11,1580,0,1,1,2,995,0,0,0
6,0,3645000,59960,0,5,103,2300,2,900,70000,0,0,0,0,0,0,0,0,0,11,1700,0,1,1,2,995,0,0,0
6,0,3645000,59956,0,5,257,2300,2,820,70000,0,0,0,0,0,0,0,0,0,11,1630,0,1,1,2,995,0,0,0
6,0,3645000,59953,0,5,358,2300,2,760,70000,0,0,0,0,0,0,0,0,0,11,1590,0,1,1,2,995,0,0,0
6,0,3645000,59950,0,5,408,2300,2,720,70000,0,0,0,0,0,0,0,0,0,11,1580,0,1,1,2,995,0,0,0
6,0,3645000,59947,0,5,508,2300,2,700,70000,0,0,0,0,0,0,0,0,0,11,1500,0,1,1,2,995,0,0,0
6,0,3645000,59944,0,5,608,2300,2,640,70000,0,0,0,0,0,0,0,0,0,11,1460,0,1,1,2,995,0,0,0
6,0,3645000,59941,0,5,708,2300,2,580,70000,0,0,0,0,0,0,0,0,0,11,1420,0,1,1,2,995,0,0,0
6,0,3645000,59938,0,5,708,2300,2,520,70000,0,0,0,0,0,0,0,0,0,11,1480,0,1,1,2,995,0,0,0
6,0,3645000,59935,0,5,708,2300,2,420,70000,0,0,0,0,0,0,0,0,0,11,1580,0,1,1,2,995,0,0,0
6,10,3645000,60000,0,5,708,2300,2,320,70000,0,0,0,0,0,0,0,0,0,11,1660,0,1,1,2,995,0,0,0
6,10,3645000,60000,0,5,758,2300,2,260,70000,0,0,0,0,0,0,0,0,0,11,1640,0,1,1,2,995,0,0,0
6,20,3645000,60000,0,5,858,2300,2,200,70000,0,0,0,0,0,0,0,0,0,11,1560,0,1,1,2,995,0,0,0
6,20,3645000,60000,0,5,958,2300,2,140,70000,0,0,0,0,0,0,0,0,0,11,1460,0,1,1,2,995,0,0,0
6,20,3645000,60000,0,5,1008,2300,2,120,70000,0,0,0,0,0,0,0,0,0,11,1350,0,1,1,2,995,0,0,0
6,20,3645000,60000,0,5,1027,2300,2,120,70000,0,0,0,0,0,0,0,0,0,11,1291,0,1,1,2,995,0,0,0
6,30,3645000,60000,0,5,1027,2300,2,60,70000,0,0,0,0,0,0,0,0,0,11,1261,0,1,1,2,995,0,0,0
6,30,3645000,60000,0,5,1119,2300,2,0,70000,0,0,0,0,0,0,0,0,0,11,1109,0,1,1,2,995,0,0,0
6,30,3645000,60000,0,5,1219,2300,2,0,70000,0,0,0,0,0,0,0,0,0,11,949,0,1,1,2,995,0,0,0
6,30,3645000,60000,0,5,1308,2300,2,0,70000,0,0,0,0,0,0,0,0,0,11,770,0,1,1,2,995,0,0,0
6,20,3645000,60000,0,5,1308,2300,2,2820,70000,0,0,0,0,0,0,0,0,0,11,860,0,1,1,2,995,0,0,0
6,30,3645000,60000,0,5,1308,2300,2,2640,70000,0,0,0,0,0,0,0,0,0,11,960,0,1,1,2,995,0,0,0
6,20,3645000,60000,0,5,1308,2300,2,2460,70000,0,0,0,0,0,0,0,0,0,11,1070,0,1,1,2,995,0,0,0
6,20,3645000,60000,0,5,1308,2300,2,2300,70000,0,0,0,0,0,0,0,0,0,11,1170,0,1,1,2,995,0,0,0
6,20,3645000,60000,0,5,1308,2300,2,2160,70000,0,0,0,0,0,0,0,0,0,11,1250,0,1,0,2,995,0,0,0
6,10,3645000,60000,0,5,1308,2300,2,2100,70000,0,0,0,0,0,0,0,0,0,11,1260,0,1,0,2,995,0,0,0
6,10,3645000,60000,0,5,1308,2300,2,2060,70000,0,0,0,0,0,0,0,0,0,11,1280,0,1,0,2,995,0,0,0
6,10,3645000,60000,0,5,1308,2300,2,2000,70000,0,0,0,0,0,0,0,0,0,11,1310,0,1,0,2,995,0,0,0
6,10,3645000,60000,0,5,1308,2300,2,1940,70000,0,0,0,0,0,0,0,0,0,11,1340,0,1,0,2,995,0,0,0
6,10,3645000,60000,0,5,1358,2300,2,1880,70000,0,0,0,0,0,0,0,0,0,11,1320,0,1,0,2,995,0,0,0
6,10,3645000,60000,0,5,1608,2300,2,1880,70000,0,0,0,0,0,0,0,0,0,11,1040,0,1,0,2,995,0,0,0
6,0,3645000,59998,0,5,1708,2300,2,1840,70000,0,0,0,0,0,0,0,0,0,11,960,0,1,0,2,995,0,0,0
6,10,3645000,60000,0,5,1708,2300,2,1780,70000,0,0,0,0,0,0,0,0,0,11,1010,0,1,0,2,995,0,0,0
6,10,3645000,60000,0,5,1708,2300,2,1740,70000,0,0,0,0,0,0,0,0,0,11,1030,0,1,0,2,995,0,0,0
6,10,3645000,60000,0,5,1719,2300,2,1660,70000,0,0,0,0,0,0,0,0,0,11,1059,0,1,0,2,995,0,0,0
6,10,3645000,60000,0,5,1819,2300,2,1600,70000,0,0,0,0,0,0,0,0,0,11,989,0,1,0,2,995,0,0,0
6,10,3645000,60000,0,5,2,2300,2,1520,70000,0,0,0,0,0,0,0,0,0,12,957,0,1,1,2,995,0,0,0
6,10,3645000,60000,0,5,11,2300,2,1480,70000,0,0,0,0,0,0,0,0,0,12,970,0,1,1,2,995,0,0,0
6,20,3645000,60000,0,5,14,2300,2,1420,70000,0,0,0,0,0,0,0,0,0,12,970,0,1,1,2,995,0,0,0
6,20,3645000,60000,0,5,18,2300,2,1340,70000,0,0,0,0,0,0,0,0,0,12,970,0,1,1,2,995,0,0,0
6,20,3645000,60000,0,5,20,2300,2,1300,70000,0,0,0,0,0,0,0,0,0,12,970,0,1,1,2,995,0,0,0
6,20,3645000,60000,0,5,73,2300,2,1280,70000,0,0,0,0,0,0,0,0,0,12,880,0,1,1,2,995,0,0,0
6,20,3645000,60000,0,5,176,2300,2,1280,70000,0,0,0,0,0,0,0,0,0,12,720,0,1,1,2,995,0,0,0
6,10,3645000,60000,0,5,279,2300,2,1280,70000,0,0,0,0,0,0,0,0,0,12,590,0,1,1,2,995,0,0,0
6,10,3645000,60000,0,5,329,2300,2,1220,70000,0,0,0,0,0,0,0,0,0,11,450,0,1,1,2,995,0,0,0
6,10,3645000,60000,0,5,329,2300,2,1180,70000,0,0,0,0,0,0,0,0,0,11,470,0,1,1,2,995,0,0,0
6,10,3645000,60000,0,5,329,2300,2,1120,70000,0,0,0,0,0,0,0,0,0,11,500,0,1,1,2,995,0,0,0
6,10,3645000,60000,0,5,329,2300,2,1060,70000,0,0,0,0,0,0,0,0,0,11,530,0,1,1,2,995,0,0,0
6,0,3645000,59999,0,5,429,2300,2,1020,70000,0,0,0,0,0,0,0,0,0,11,460,0,1,1,2,995,0,0,0
6,0,3645000,59996,0,5,629,2300,2,980,70000,0,0,0,0,0,0,0,0,0,11,300,0,1,1,2,995,0,0,0
6,0,3645000,59993,0,5,629,2300,2,860,70000,0,0,0,0,0,0,0,0,0,11,420,0,1,1,2,995,0,0,0
6,0,3645000,59990,0,5,629,2300,2,740,70000,0,0,0,0,0,0,0,0,0,11,540,0,1,1,2,995,0,0,0
6,0,3645000,59988,0,5,629,2300,2,660,70000,0,0,0,0,0,0,0,0,0,11,620,0,1,1,2,995,0,0,0
6,0,3645000,59985,0,5,629,2300,2,540,70000,0,0,0,0,0,0,0,0,0,11,740,0,1,1,2,995,0,0,0
6,0,3645000,59982,0,5,629,2300,2,420,70000,0,0,0,0,0,0,0,0,0,11,860,0,1,1,2,995,0,0,0
6,0,3645000,59979,0,5,629,2300,2,340,70000,0,0,0,0,0,0,0,0,0,11,940,0,1,1,2,995,0,0,0
6,0,3645000,59976,0,5,729,2300,2,280,70000,0,0,0,0,0,0,0,0,0,11,900,0,1,1,2,995,0,0,0
6,0,3645000,59973,0,5,779,2300,2,180,70000,0,0,0,0,0,0,0,0,0,11,950,0,1,1,2,995,0,0,0
6,0,3645000,59970,0,5,879,2300,2,60,70000,0,0,0,0,0,0,0,0,0,11,970,0,1,1,2,995,0,0,0
6,0,3645000,59966,0,5,929,2300,2,0,70000,0,0,0,0,0,0,0,0,0,11,980,0,1,1,2,995,0,0,0
6,0,3645000,59964,0,5,1008,2300,2,0,70000,0,0,0,0,0,0,0,0,0,11,901,0,1,1,2,995,0,0,0
6,10,3645000,60000,0,5,1101,2300,2,0,70000,0,0,0,0,0,0,0,0,0,11,798,0,1,1,2,995,0,0,0
6,10,3645000,60000,0,5,1151,2300,2,0,70000,0,0,0,0,0,0,0,0,0,11,718,0,1,1,2,995,0,0,0
6,10,3645000,60000,0,5,1201,2300,2,0,70000,0,0,0,0,0,0,0,0,0,11,638,0,1,1,2,995,0,0,0
6,10,3645000,60000,0,5,1229,2300,2,0,70000,0,0,0,0,0,0,0,0,0,11,580,0,1,1,2,995,0,0,0
6,10,3645000,60000,0,5,1229,2300,2,0,70000,0,0,0,0,0,0,0,0,0,11,550,0,1,0,2,995,0,0,0
6,10,3645000,60000,0,5,1229,2300,2,0,70000,0,0,0,0,0,0,0,0,0,11,520,0,1,0,2,995,0,0,0
6,10,3645000,60000,0,5,1229,2300,2,0,70000,0,0,0,0,0,0,0,0,0,11,500,0,1,0,2,995,0,0,0
6,10,3645000,60000,0,5,1229,2300,2,0,70000,0,0,0,0,0,0,0,0,0,11,470,0,1,0,2,995,0,0,0
6,10,3645000,60000,0,5,1229,2300,2,0,70000,0,0,0,0,0,0,0,0,0,11,440,0,1,0,2,995,0,0,0
6,10,3645000,60000,0,5,1229,2300,2,0,70000,0,0,0,0,0,0,0,0,0,11,410,0,1,0,2,995,0,0,0
6,10,3645000,60000,0,5,1229,2300,2,0,70000,0,0,0,0,0,0,0,0,0,11,380,0,1,0,2,995,0,0,0
6,0,3645000,59997,0,5,1229,2300,2,0,70000,0,0,0,0,0,0,0,0,0,11,380,0,1,0,2,995,0,0,0
6,0,3645000,59994,0,5,1229,2300,2,0,70000,0,0,0,0,0,0,0,0,0,11,380,0,1,0,2,995,0,0,0
6,0,3645000,59992,0,5,1229,2300,2,0,70000,0,0,0,0,0,0,0,0,0,11,380,0,1,0,2,995,0,0,0
6,0,3645000,59989,0,5,1229,2300,2,0,70000,0,0,0,0,0,0,0,0,0,11,380,0,1,0,2,995,0,0,0
6,0,3645000,59987,0,5,1229,2300,2,0,70000,0,0,0,0,0,0,0,0,0,11,380,0,1,0,2,995,0,0,0
6,0,3645000,59984,0,5,1229,2300,2,0,70000,0,0,0,0,0,0,0,0,0,11,380,0,1,0,2,995,0,0,0
6,0,3645000,59980,0,5,1229,2300,2,0,70000,0,0,0,0,0,0,0,0,0,11,380,0,1,0,2,995,0,0,0
6,0,3645000,59978,0,5,1229,2300,2,0,70000,0,0,0,0,0,0,0,0,0,11,380,0,1,0,2,995,0,0,0
6,0,3645000,59974,0,5,1229,2300,2,0,70000,0,0,0,0,0,0,0,0,0,11,380,0,1,0,2,995,0,0,0
6,0,3645000,59971,0,5,1229,2300,2,0,70000,0,0,0,0,0,0,0,0,0,11,380,0,1,0,2,995,0,0,0
6,0,3645000,59968,0,5,1229,2300,2,0,70000,0,0,0,0,0,0,0,0,0,11,380,0,1,0,2,995,0,0,0
6,0,3645000,59966,0,5,1229,2300,2,0,70000,0,0,0,0,0,0,0,0,0,11,380,0,1,0,2,995,0,0,0
6,0,3645000,59963,0,5,1229,2300,2,0,70000,0,0,0,0,0,0,0,0,0,11,380,0,1,0,2,995,0,0,0
6,0,3645000,59961,0,5,1229,2300,2,0,70000,0,0,0,0,0,0,0,0,0,11,380,0,1,0,2,995,0,0,0
6,0,3645000,59959,0,5,1229,2300,2,0,70000,0,0,0,0,0,0,0,0,0,11,380,0,1,0,2,995,0,0,0
6,0,3645000,59958,0,5,1229,2300,2,0,70000,0,0,0,0,0,0,0,0,0,11,380,0,1,0,2,995,0,0,0
6,0,3645000,59956,0,5,1229,2300,2,0,70000,0,0,0,0,0,0,0,0,0,11,380,0,1,0,2,995,0,0,0
6,0,3645000,59953,0,5,1229,2300,2,0,70000,0,0,0,0,0,0,0,0,0,11,380,0,1,0,2,995,0,0,0
6,0,3645000,59950,0,5,1229,2300,2,0,70000,0,0,0,0,0,0,0,0,0,10,380,0,1,0,2,995,0,0,0
6,0,3645000,59947,0,5,1229,2300,2,0,70000,0,0,0,0,0,0,0,0,0,10,380,0,1,0,2,995,0,0,0
6,0,3645000,59944,0,5,1229,2300,2,3000,70000,0,0,0,0,0,0,0,0,0,10,380,0,1,0,2,995,0,0,0
6,0,3645000,59941,0,5,1229,2300,2,2760,70000,0,0,0,0,0,0,0,0,0,10,620,0,1,0,2,995,0,0,0
6,0,3645000,59938,0,5,1229,2300,2,2520,70000,0,0,0,0,0,0,0,0,0,10,860,0,1,0,2,995,0,0,0
6,0,3645000,59935,0,5,1229,2300,2,2280,70000,0,0,0,0,0,0,0,0,0,10,1100,0,1,0,2,995,0,0,0
6,0,3645000,59932,0,5,1229,2300,2,2040,70000,0,0,0,0,0,0,0,0,0,10,1340,0,1,0,2,995,0,0,0
6,0,3645000,59929,0,5,1229,2300,2,1800,70000,0,0,0,0,0,0,0,0,0,10,1580,0,1,0,2,995,0,0,0
6,0,3645000,59926,0,5,1229,2300,2,1800,70000,0,0,0,0,0,0,0,0,0,10,1580,0,1,0,2,995,0,0,0
6,0,3645000,59924,0,5,1229,2300,2,1800,70000,0,0,0,0,0,0,0,0,0,10,1580,0,1,0,2,995,0,0,0
6,0,3645000,59920,0,5,1229,2300,2,1800,70000,0,0,0,0,0,0,0,0,0,10,1580,0,1,0,2,995,0,0,0
6,0,3645000,59918,0,5,1229,2300,2,1800,70000,0,0,0,0,0,0,0,0,0,10,1580,0,1,0,2,995,0,0,0
6,0,3645000,59914,0,5,1229,2300,2,1800,70000,0,0,0,0,0,0,0,0,0,10,1580,0,1,0,2,995,0,0,0
6,0,3645000,59912,0,5,1229,2300,2,1800,70000,0,0,0,0,0,0,0,0,0,10,1580,0,1,0,2,995,0,0,0
6,0,3645000,59909,0,5,1229,2300,2,1800,70000,0,0,0,0,0,0,0,0,0,10,1580,0,1,0,2,995,0,0,0
6,0,3645000,59906,0,5,1229,2300,2,1800,70000,0,0,0,0,0,0,0,0,0,10,1580,0,1,0,2,995,0,0,0
6,0,3645000,59906,0,5,1229,2300,2,1800,70000,0,0,0,0,0,0,0,0,0,10,1580,0,1,0,2,995,0,0,0
6,0,3645000,59906,0,5,1229,2300,2,1800,70000,0,0,0,0,0,0,0,0,0,10,1580,0,1,0,2,995,0,0,0
6,0,3645000,59906,0,5,1229,2300,2,1800,70000,0,0,0,0,0,0,0,0,0,10,1580,0,1,0,2,995,0,0,0
6,0,3645000,59906,0,5,1229,2300,2,1800,70000,0,0,0,0,0,0,0,0,0,10,1580,0,1,0,2,995,0,0,0
6,0,3645000,59906,0,5,1229,2300,2,1800,70000,0,0,0,0,0,0,0,0,0,10,1580,0,1,0,2,995,0,0,0
6,0,3645000,59906,0,5,1229,2300,2,1800,70000,0,0,0,0,0,0,0,0,0,10,1580,0,1,0,2,995,0,0,0
6,0,3645000,59906,0,5,1229,2300,2,1800,70000,0,0,0,0,0,0,0,0,0,10,1580,0,1,0,2,995,0,0,0
6,0,3645000,59906,0,5,1229,2300,2,1800,70000,0,0,0,0,0,0,0,0,0,10,1580,0,1,0,2,995,0,0,0
6,0,3645000,59906,0,5,1229,2300,2,1800,70000,0,0,0,0,0,0,0,0,0,10,1580,0,1,0,2,995,0,0,0
6,0,3645000,59906,0,5,1229,2300,2,1800,70000,0,0,0,0,0,0,0,0,0,10,1580,0,1,0,2,995,0,0,0
6,0,3645000,59906,0,5,1229,2300,2,1800,70000,0,0,0,0,0,0,0,0,0,10,1580,0,1,0,2,995,0,0,0
6,0,3645000,59906,0,5,1229,2300,2,1800,70000,0,0,0,0,0,0,0,0,0,10,1580,0,1,0,2,995,0,0,0
6,0,3645000,59906,0,5,1229,2300,2,1800,70000,0,0,0,0,0,0,0,0,0,10,1580,0,1,0,2,995,0,0,0
6,0,3645000,59906,0,5,1229,2300,2,1800,70000,0,0,0,0,0,0,0,0,0,10,1580,0,1,0,2,995,0,0,0
6,0,3645000,59906,0,5,1229,2300,2,1800,70000,0,0,0,0,0,0,0,0,0,10,1580,0,1,0,2,995,0,0,0
6,0,3645000,59906,0,5,1229,2300,2,1800,70000,0,0,0,0,0,0,0,0,0,10,1580,0,1,0,2,995,0,0,0
6,0,3645000,59906,0,5,1229,2300,2,1800,70000,0,0,0,0,0,0,0,0,0,10,1580,0,1,0,2,995,0,0,0
6,0,3645000,59906,0,5,1229,2300,2,1800,70000,0,0,0,0,0,0,0,0,0,10,1580,0,1,0,2,995,0,0,0
6,0,3645000,59906,0,5,1229,2300,2,1800,70000,0,0,0,0,0,0,0,0,0,10,1580,0,1,0,2,995,0,0,0
6,0,3645000,59906,0,5,1229,2300,2,1800,70000,0,0,0,0,0,0,0,0,0,10,1580,0,1,0,2,995,0,0,0
6,0,3645000,59906,0,5,1229,2300,2,1800,70000,0,0,0,0,0,0,0,0,0,10,1580,0,1,0,2,995,0,0,0
6,0,3645000,59906,0,5,1229,2300,2,1800,70000,0,0,0,0,0,0,0,0,0,10,1580,0,1,0,2,995,0,0,0
6,0,3645000,59906,0,5,1229,2300,2,1800,70000,0,0,0,0,0,0,0,0,0,10,1580,0,1,0,2,995,0,0,0
6,0,3645000,59906,0,5,1229,2300,2,1800,70000,0,0,0,0,0,0,0,0,0,10,1580,0,1,0,2,995,0,0,0
6,0,3645000,59906,0,5,1229,2300,2,1800,70000,0,0,0,0,0,0,0,0,0,10,1580,0,1,0,2,995,0,0,0
6,0,3645000,59906,0,5,1229,2300,2,1800,70000,0,0,0,0,0,0,0,0,0,10,1580,0,1,0,2,995,0,0,0
6,0,3645000,59906,0,5,1229,2300,2,1800,70000,0,0,0,0,0,0,0,0,0,10,1580,0,1,0,2,995,0,0,0
6,0,3645000,59906,0,5,1229,2300,2,1800,70000,0,0,0,0,0,0,0,0,0,10,1580,0,1,0,2,995,0,0,0
6,0,3645000,59906,0,5,1229,2300,2,1800,70000,0,0,0,0,0,0,0,0,0,10,1580,0,1,0,2,995,0,0,0
6,0,3645000,59906,0,5,1229,2300,2,1800,70000,0,0,0,0,0,0,0,0,0,10,1580,0,1,0,2,995,0,0,0
6,0,3645000,59906,0,5,1229,2300,2,1800,70000,0,0,0,0,0,0,0,0,0,10,1580,0,1,0,2,995,0,0,0
6,0,3645000,59906,0,5,1229,2300,2,1800,70000,0,0,0,0,0,0,0,0,0,10,1580,0,1,0,2,995,0,0,0
6,0,3645000,59906,0,5,1229,2300,2,1800,70000,0,0,0,0,0,0,0,0,0,10,1580,0,1,0,2,995,0,0,0
6,0,3645000,59906,0,5,1229,2300,2,1800,70000,0,0,0,0,0,0,0,0,0,10,1580,0,1,0,2,995,0,0,0
6,0,3645000,59906,0,5,1229,2300,2,1800,70000,0,0,0,0,0,0,0,0,0,10,1580,0,1,0,2,995,0,0,0
6,0,3645000,59906,0,5,1229,2300,2,1800,70000,0,0,0,0,0,0,0,0,0,10,1580,0,1,0,2,995,0,0,0
6,0,3645000,59906,0,5,1229,2300,2,1800,70000,0,0,0,0,0,0,0,0,0,10,1580,0,1,0,2,995,0,0,0
6,0,3645000,59906,0,5,1229,2300,2,1800,70000,0,0,0,0,0,0,0,0,0,10,1580,0,1,0,2,995,0,0,0
6,0,3645000,59906,0,5,1229,2300,2,1800,70000,0,0,0,0,0,0,0,0,0,10,1580,0,1,0,2,995,0,0,0
6,0,3645000,59906,0,5,1229,2300,2,1800,70000,0,0,0,0,0,0,0,0,0,10,1580,0,1,0,2,995,0,0,0
6,0,3645000,59906,0,5,1229,2300,2,1800,70000,0,0,0,0,0,0,0,0,0,10,1580,0,1,0,2,995,0,0,0
6,0,3645000,59906,0,5,1229,2300,2,1800,70000,0,0,0,0,0,0,0,0,0,10,1580,0,1,0,2,995,0,0,0
6,0,3645000,59906,0,5,1229,2300,2,1800,70000,0,0,0,0,0,0,0,0,0,10,1580,0,1,0,2,995,0,0,0
6,0,3645000,59906,0,5,1229,2300,2,1800,70000,0,0,0,0,0,0,0,0,0,10,1580,0,1,0,2,995,0,0,0
6,0,3645000,59906,0,5,1229,2300,2,1800,70000,0,0,0,0,0,0,0,0,0,10,1580,0,1,0,2,995,0,0,0
6,0,3645000,59906,0,5,1229,2300,2,1800,70000,0,0,0,0,0,0,0,0,0,10,1580,0,1,0,2,995,0,0,0
6,0,3645000,59906,0,5,1229,2300,2,1800,70000,0,0,0,0,0,0,0,0,0,10,1580,0,1,0,2,995,0,0,0
6,0,3645000,59906,0,5,1229,2300,2,1800,70000,0,0,0,0,0,0,0,0,0,10,1580,0,1,0,2,995,0,0,0
6,0,3645000,59906,0,5,1229,2300,2,1800,70000,0,0,0,0,0,0,0,0,0,10,1580,0,1,0,2,995,0,0,0
6,0,3645000,59906,0,5,1229,2300,2,1800,70000,0,0,0,0,0,0,0,0,0,10,1580,0,1,0,2,995,0,0,0
6,0,3645000,59906,0,5,1229,2300,2,1800,70000,0,0,0,0,0,0,0,0,0,10,1580,0,1,0,2,995,0,0,0
6,0,3645000,59906,0,5,1229,2300,2,1800,70000,0,0,0,0,0,0,0,0,0,10,1580,0,1,0,2,995,0,0,0
6,0,3645000,59906,0,5,1229,2300,2,1800,70000,0,0,0,0,0,0,0,0,0,10,1580,0,1,0,2,995,0,0,0
6,0,3645000,59906,0,5,1229,2300,2,1800,70000,0,0,0,0,0,0,0,0,0,10,1580,0,1,0,2,995,0,0,0
6,0,3645000,59906,0,5,1229,2300,2,1800,70000,0,0,0,0,0,0,0,0,0,10,1580,0,1,0,2,995,0,0,0
6,0,3645000,59906,0,5,1229,2300,2,1800,70000,0,0,0,0,0,0,0,0,0,10,1580,0,1,0,2,995,0,0,0
6,0,3645000,59906,0,5,1229,2300,2,1800,70000,0,0,0,0,0,0,0,0,0,10,1580,0,1,0,2,995,0,0,0
6,0,3645000,59906,0,5,1229,2300,2,1800,70000,0,0,0,0,0,0,0,0,0,10,1580,0,1,0,2,995,0,0,0
6,0,3645000,59906,0,5,1229,2300,2,1800,70000,0,0,0,0,0,0,0,0,0,10,1580,0,1,0,2,995,0,0,0
6,0,3645000,59906,0,5,1229,2300,2,1800,70000,0,0,0,0,0,0,0,0,0,10,1580,0,1,0,2,995,0,0,0
6,0,3645000,59906,0,5,1229,2300,2,1800,70000,0,0,0,0,0,0,0,0,0,10,1580,0,1,0,2,995,0,0,0
6,0,3645000,59906,0,5,1229,2300,2,1800,70000,0,0,0,0,0,0,0,0,0,10,1580,0,1,0,2,995,0,0,0
6,0,3645000,59906,0,5,1229,2300,2,1800,70000,0,0,0,0,0,0,0,0,0,10,1580,0,1,0,2,995,0,0,0
6,0,3645000,59906,0,5,1229,2300,2,1800,70000,0,0,0,0,0,0,0,0,0,10,1580,0,1,0,2,995,0,0,0
6,0,3645000,59906,0,5,1229,2300,2,1800,70000,0,0,0,0,0,0,0,0,0,10,1580,0,1,0,2,995,0,0,0
6,0,3645000,59906,0,5,1229,2300,2,1800,70000,0,0,0,0,0,0,0,0,0,10,1580,0,1,0,2,995,0,0,0
6,0,3645000,59906,0,5,1229,2300,2,1800,70000,0,0,0,0,0,0,0,0,0,10,1580,0,1,0,2,995,0,0,0
6,0,3645000,59906,0,5,1229,2300,2,1800,70000,0,0,0,0,0,0,0,0,0,10,1580,0,1,0,2,995,0,0,0
6,0,3645000,59906,0,5,1229,2300,2,1800,70000,0,0,0,0,0,0,0,0,0,10,1580,0,1,0,2,995,0,0,0
6,0,3645000,59906,0,5,1229,2300,2,1800,70000,0,0,0,0,0,0,0,0,0,10,1580,0,1,0,2,995,0,0,0
6,0,3645000,59906,0,5,1229,2300,2,1800,70000,0,0,0,0,0,0,0,0,0,10,1580,0,1,0,2,995,0,0,0
6,0,3645000,59906,0,5,1229,2300,2,1800,70000,0,0,0,0,0,0,0,0,0,10,1580,0,1,0,2,995,0,0,0
6,0,3645000,59906,0,5,1229,2300,2,1800,70000,0,0,0,0,0,0,0,0,0,10,1580,0,1,0,2,995,0,0,0
6,0,3645000,59906,0,5,1229,2300,2,1800,70000,0,0,0,0,0,0,0,0,0,10,1580,0,1,0,2,995,0,0,0
6,0,3645000,59906,0,5,1229,2300,2,1800,70000,0,0,0,0,0,0,0,0,0,10,1580,0,1,0,2,995,0,0,0
6,0,3645000,59906,0,5,1229,2300,2,1800,70000,0,0,0,0,0,0,0,0,0,10,1580,0,1,0,2,995,0,0,0
6,0,3645000,59906,0,5,1229,2300,2,1800,70000,0,0,0,0,0,0,0,0,0,10,1580,0,1,0,2,995,0,0,0
6,0,3645000,59906,0,5,1229,2300,2,1800,70000,0,0,0,0,0,0,0,0,0,10,1580,0,1,0,2,995,0,0,0
6,0,3645000,59906,0,5,1229,2300,2,1800,70000,0,0,0,0,0,0,0,0,0,10,1580,0,1,0,2,995,0,0,0
6,0,3645000,59906,0,5,1229,2300,2,1800,70000,0,0,0,0,0,0,0,0,0,10,1580,0,1,0,2,995,0,0,0
6,0,3645000,59906,0,5,1229,2300,2,1800,70000,0,0,0,0,0,0,0,0,0,10,1580,0,1,0,2,995,0,0,0
6,0,3645000,59906,0,5,1229,2300,2,1800,70000,0,0,0,0,0,0,0,0,0,10,1580,0,1,0,2,995,0,0,0
6,0,3645000,59906,0,5,1229,2300,2,1800,70000,0,0,0,0,0,0,0,0,0,10,1580,0,1,0,2,995,0,0,0
6,0,3645000,59906,0,5,1229,2300,2,1800,70000,0,0,0,0,0,0,0,0,0,10,1580,0,1,0,2,995,0,0,0
6,0,3645000,59906,0,5,1229,2300,2,1800,70000,0,0,0,0,0,0,0,0,0,10,1580,0,1,0,2,995,0,0,0
6,0,3645000,59906,0,5,1229,2300,2,1800,70000,0,0,0,0,0,0,0,0,0,10,1580,0,1,0,2,995,0,0,0
6,0,3645000,59906,0,5,1229,2300,2,1800,70000,0,0,0,0,0,0,0,0,0,10,1580,0,1,0,2,995,0,0,0
6,0,3645000,59906,0,5,1229,2300,2,1800,70000,0,0,0,0,0,0,0,0,0,10,1580,0,1,0,2,995,0,0,0
6,0,3645000,59906,0,5,1229,2300,2,1800,70000,0,0,0,0,0,0,0,0,0,10,1580,0,1,0,2,995,0,0,0
6,0,3645000,59906,0,5,1229,2300,2,1800,70000,0,0,0,0,0,0,0,0,0,10,1580,0,1,0,2,995,0,0,0
6,0,3645000,59906,0,5,1229,2300,2,1800,70000,0,0,0,0,0,0,0,0,0,10,1580,0,1,0,2,995,0,0,0
6,0,3645000,59906,0,5,1229,2300,2,1800,70000,0,0,0,0,0,0,0,0,0,10,1580,0,1,0,2,995,0,0,0
6,0,3645000,59906,0,5,1229,2300,2,1800,70000,0,0,0,0,0,0,0,0,0,10,1580,0,1,0,2,995,0,0,0
6,0,3645000,59906,0,5,1229,2300,2,1800,70000,0,0,0,0,0,0,0,0,0,10,1580,0,1,0,2,995,0,0,0
6,0,3645000,59906,0,5,1229,2300,2,1800,70000,0,0,0,0,0,0,0,0,0,10,1580,0,1,0,2,995,0,0,0
6,0,3645000,59906,0,5,1229,2300,2,1800,70000,0,0,0,0,0,0,0,0,0,10,1580,0,1,0,2,995,0,0,0
6,0,3645000,59906,0,5,1229,2300,2,1800,70000,0,0,0,0,0,0,0,0,0,10,1580,0,1,0,2,995,0,0,0
6,0,3645000,59906,0,5,1229,2300,2,1800,70000,0,0,0,0,0,0,0,0,0,10,1580,0,1,0,2,995,0,0,0
6,0,3645000,59906,0,5,1229,2300,2,1800,70000,0,0,0,0,0,0,0,0,0,10,1580,0,1,0,2,995,0,0,0
6,0,3645000,59906,0,5,1229,2300,2,1800,70000,0,0,0,0,0,0,0,0,0,10,1580,0,1,0,2,995,0,0,0
6,0,3645000,59906,0,5,1229,2300,2,1800,70000,0,0,0,0,0,0,0,0,0,10,1580,0,1,0,2,995,0,0,0
6,0,3645000,59906,0,5,1229,2300,2,1800,70000,0,0,0,0,0,0,0,0,0,10,1580,0,1,0,2,995,0,0,0
6,0,3645000,59906,0,5,1229,2300,2,1800,70000,0,0,0,0,0,0,0,0,0,10,1580,0,1,0,2,995,0,0,0
6,0,3645000,59906,0,5,1229,2300,2,1800,70000,0,0,0,0,0,0,0,0,0,10,1580,0,1,0,2,995,0,0,0
6,0,3645000,59906,0,5,1229,2300,2,1800,70000,0,0,0,0,0,0,0,0,0,10,1580,0,1,0,2,995,0,0,0
6,0,3645000,59906,0,5,1229,2300,2,1800,70000,0,0,0,0,0,0,0,0,0,10,1580,0,1,0,2,995,0,0,0
6,0,3645000,59906,0,5,1229,2300,2,1800,70000,0,0,0,0,0,0,0,0,0,10,1580,0,1,0,2,995,0,0,0
6,0,3645000,59906,0,5,1229,2300,2,1800,70000,0,0,0,0,0,0,0,0,0,10,1580,0,1,0,2,995,0,0,0
6,0,3645000,59906,0,5,1229,2300,2,1800,70000,0,0,0,0,0,0,0,0,0,10,1580,0,1,0,2,995,0,0,0
6,0,3645000,59906,0,5,1229,2300,2,1800,70000,0,0,0,0,0,0,0,0,0,10,1580,0,1,0,2,995,0,0,0
6,0,3645000,59906,0,5,1229,2300,2,1800,70000,0,0,0,0,0,0,0,0,0,10,1580,0,1,0,2,995,0,0,0
6,0,3645000,59906,0,5,1229,2300,2,1800,70000,0,0,0,0,0,0,0,0,0,10,1580,0,1,0,2,995,0,0,0
6,0,3645000,59906,0,5,1229,2300,2,1800,70000,0,0,0,0,0,0,0,0,0,10,1580,0,1,0,2,995,0,0,0
6,0,3645000,59906,0,5,1229,2300,2,1800,70000,0,0,0,0,0,0,0,0,0,10,1580,0,1,0,2,995,0,0,0
6,0,3645000,59906,0,5,1229,2300,2,1800,70000,0,0,0,0,0,0,0,0,0,10,1580,0,1,0,2,995,0,0,0
6,0,3645000,59906,0,5,1229,2300,2,1800,70000,0,0,0,0,0,0,0,0,0,10,1580,0,1,0,2,995,0,0,0
6,0,3645000,59906,0,5,1229,2300,2,1800,70000,0,0,0,0,0,0,0,0,0,10,1580,0,1,0,2,995,0,0,0
6,0,3645000,59906,0,5,1229,2300,2,1800,70000,0,0,0,0,0,0,0,0,0,10,1580,0,1,0,2,995,0,0,0
6,0,3645000,59906,0,5,1229,2300,2,1800,70000,0,0,0,0,0,0,0,0,0,10,1580,0,1,0,2,995,0,0,0
6,0,3645000,59906,0,5,1229,2300,2,1800,70000,0,0,0,0,0,0,0,0,0,10,1580,0,1,0,2,995,0,0,0
6,0,3645000,59906,0,5,1229,2300,2,1800,70000,0,0,0,0,0,0,0,0,0,10,1580,0,1,0,2,995,0,0,0
6,0,3645000,59906,0,5,1229,2300,2,1800,70000,0,0,0,0,0,0,0,0,0,10,1580,0,1,0,2,995,0,0,0
6,0,3645000,59906,0,5,1229,2300,2,1800,70000,0,0,0,0,0,0,0,0,0,10,1580,0,1,0,2,995,0,0,0
6,0,3645000,59906,0,5,1229,2300,2,1800,70000,0,0,0,0,0,0,0,0,0,10,1580,0,1,0,2,995,0,0,0
6,0,3645000,59906,0,5,1229,2300,2,1800,70000,0,0,0,0,0,0,0,0,0,10,1580,0,1,0,2,995,0,0,0
6,0,3645000,59906,0,5,1229,2300,2,1800,70000,0,0,0,0,0,0,0,0,0,10,1580,0,1,0,2,995,0,0,0
6,0,3645000,59906,0,5,1229,2300,2,1800,70000,0,0,0,0,0,0,0,0,0,10,1580,0,1,0,2,995,0,0,0
6,0,3645000,59906,0,5,1229,2300,2,1800,70000,0,0,0,0,0,0,0,0,0,10,1580,0,1,0,2,995,0,0,0
6,0,3645000,59906,0,5,1229,2300,2,1800,70000,0,0,0,0,0,0,0,0,0,10,1580,0,1,0,2,995,0,0,0
6,0,3645000,59906,0,5,1229,2300,2,1800,70000,0,0,0,0,0,0,0,0,0,10,1580,0,1,0,2,995,0,0,0
6,0,3645000,59906,0,5,1229,2300,2,1800,70000,0,0,0,0,0,0,0,0,0,10,1580,0,1,0,2,995,0,0,0
6,0,3645000,59906,0,5,1229,2300,2,1800,70000,0,0,0,0,0,0,0,0,0,10,1580,0,1,0,2,995,0,0,0
6,0,3645000,59906,0,5,1229,2300,2,1800,70000,0,0,0,0,0,0,0,0,0,10,1580,0,1,0,2,995,0,0,0
6,4200,3645000,59997,0,5,1729,2300,2,3880,70000,0,0,0,0,0,0,0,0,0,9,940,0,1,0,2,991,0,0,0
6,4200,3645000,59997,0,5,1729,2300,2,3880,70000,0,0,0,0,0,0,0,0,0,9,940,0,1,0,2,991,0,0,0
6,0,3645000,59991,0,5,1751,2300,2,3580,70000,0,0,0,0,0,0,0,0,0,9,1218,0,1,0,2,991,0,0,0
6,0,3645000,59991,0,5,1751,2300,2,3580,70000,0,0,0,0,0,0,0,0,0,9,1218,0,1,0,2,991,0,0,0
6,0,3645000,59991,0,5,1751,2300,2,3580,70000,0,0,0,0,0,0,0,0,0,9,1218,0,1,0,2,991,0,0,0
6,0,3645000,59991,0,5,1751,2300,2,3580,70000,0,0,0,0,0,0,0,0,0,9,1218,0,1,0,2,991,0,0,0
6,0,3645000,59991,0,5,1751,2300,2,3580,70000,0,0,0,0,0,0,0,0,0,9,1218,0,1,0,2,991,0,0,0
6,0,3645000,59974,0,5,235,2300,2,2780,70000,0,0,0,0,0,0,0,0,0,10,1640,0,1,1,2,991,0,0,0
6,10,3645000,60000,0,5,288,2300,2,2660,70000,0,0,0,0,0,0,0,0,0,10,1680,0,1,1,2,991,0,0,0
6,10,3645000,60000,0,5,388,2300,2,2540,70000,0,0,0,0,0,0,0,0,0,10,1670,0,1,1,2,991,0,0,0
6,20,3645000,60000,0,5,438,2300,2,2420,70000,0,0,0,0,0,0,0,0,0,10,1700,0,1,1,2,991,0,0,0
6,20,3645000,60000,0,5,438,2300,2,2300,70000,0,0,0,0,0,0,0,0,0,10,1760,0,1,1,2,991,0,0,0
6,20,3645000,60000,0,5,438,2300,2,2220,70000,0,0,0,0,0,0,0,0,0,10,1780,0,1,1,2,991,0,0,0
6,30,3645000,60000,0,5,488,2300,2,2160,70000,0,0,0,0,0,0,0,0,0,9,1420,0,1,1,2,991,0,0,0
6,30,3645000,60000,0,5,588,2300,2,2080,70000,0,0,0,0,0,0,0,0,0,9,1280,0,1,1,2,991,0,0,0
6,30,3645000,60000,0,5,788,2300,2,2040,70000,0,0,0,0,0,0,0,0,0,9,1060,0,1,1,2,991,0,0,0
6,30,3645000,60000,0,5,938,2300,2,1940,70000,0,0,0,0,0,0,0,0,0,9,920,0,1,1,2,991,0,0,0
6,20,3645000,60000,0,5,1038,2300,2,1780,70000,0,0,0,0,0,0,0,0,0,9,870,0,1,1,2,991,0,0,0
6,20,3645000,60000,0,5,1038,2300,2,1620,70000,0,0,0,0,0,0,0,0,0,9,970,0,1,1,2,991,0,0,0
6,20,3645000,60000,0,5,1038,2300,2,1480,70000,0,0,0,0,0,0,0,0,0,9,1050,0,1,1,2,991,0,0,0
6,10,3645000,60000,0,5,1038,2300,2,1360,70000,0,0,0,0,0,0,0,0,0,9,1130,0,1,1,2,991,0,0,0
6,10,3645000,60000,0,5,1038,2300,2,1280,70000,0,0,0,0,0,0,0,0,0,9,1170,0,1,1,2,991,0,0,0
6,10,3645000,60000,0,5,1038,2300,2,1240,70000,0,0,0,0,0,0,0,0,0,9,1180,0,1,1,2,991,0,0,0
6,0,3645000,59997,0,5,1038,2300,2,1160,70000,0,0,0,0,0,0,0,0,0,9,1260,0,1,1,2,991,0,0,0
6,0,3645000,59994,0,5,1038,2300,2,1040,70000,0,0,0,0,0,0,0,0,0,9,1380,0,1,1,2,991,0,0,0
6,10,3645000,60000,0,5,1038,2300,2,880,70000,0,0,0,0,0,0,0,0,0,9,1520,0,1,1,2,991,0,0,0
6,10,3645000,60000,0,5,1329,2300,2,800,70000,0,0,0,0,0,0,0,0,0,9,1289,0,1,1,2,991,0,0,0
6,10,3645000,60000,0,5,1338,2300,2,660,70000,0,0,0,0,0,0,0,0,0,9,1390,0,1,1,2,991,0,0,0
6,10,3645000,60000,0,5,1338,2300,2,560,70000,0,0,0,0,0,0,0,0,0,9,1460,0,1,1,2,991,0,0,0
6,10,3645000,60000,0,5,1338,2300,2,460,70000,0,0,0,0,0,0,0,0,0,9,1530,0,1,1,2,991,0,0,0
6,10,3645000,60000,0,5,1338,2300,2,340,70000,0,0,0,0,0,0,0,0,0,9,1620,0,1,1,2,991,0,0,0
6,10,3645000,60000,0,5,1338,2300,2,220,70000,0,0,0,0,0,0,0,0,0,9,1710,0,1,1,2,991,0,0,0
6,10,3645000,60000,0,5,1338,2300,2,160,70000,0,0,0,0,0,0,0,0,0,9,1740,0,1,1,2,991,0,0,0
6,10,3645000,60000,0,5,1338,2300,2,120,70000,0,0,0,0,0,0,0,0,0,9,1760,0,1,0,2,991,0,0,0
6,20,3645000,60000,0,5,1429,2300,2,20,70000,0,0,0,0,0,0,0,0,0,9,1709,0,1,0,2,991,0,0,0
6,20,3645000,60000,0,5,1479,2300,2,0,70000,0,0,0,0,0,0,0,0,0,9,1619,0,1,0,2,991,0,0,0
6,10,3645000,60000,0,5,1579,2300,2,0,70000,0,0,0,0,0,0,0,0,0,9,1489,0,1,0,2,991,0,0,0
6,20,3645000,60000,0,5,1638,2300,2,0,70000,0,0,0,0,0,0,0,0,0,9,1370,0,1,0,2,991,0,0,0
6,20,3645000,60000,0,5,1638,2300,2,0,70000,0,0,0,0,0,0,0,0,0,9,1310,0,1,0,2,991,0,0,0
6,30,3645000,60000,0,5,1638,2300,2,0,70000,0,0,0,0,0,0,0,0,0,9,1210,0,1,0,2,991,0,0,0
6,30,3645000,60000,0,5,1638,2300,2,0,70000,0,0,0,0,0,0,0,0,0,9,1120,0,1,0,2,991,0,0,0
6,30,3645000,60000,0,5,1638,2300,2,0,70000,0,0,0,0,0,0,0,0,0,9,1060,0,1,0,2,991,0,0,0
6,30,3645000,60000,0,5,1638,2300,2,0,70000,0,0,0,0,0,0,0,0,0,9,970,0,1,0,2,991,0,0,0
6,20,3645000,60000,0,5,1638,2300,2,0,70000,0,0,0,0,0,0,0,0,0,8,760,0,1,0,2,991,0,0,0
6,20,3645000,60000,0,5,1638,2300,2,0,70000,0,0,0,0,0,0,0,0,0,8,720,0,1,0,2,991,0,0,0
6,20,3645000,60000,0,5,1638,2300,2,0,70000,0,0,0,0,0,0,0,0,0,8,660,0,1,0,2,991,0,0,0
6,20,3645000,60000,0,5,1638,2300,2,0,70000,0,0,0,0,0,0,0,0,0,8,600,0,1,0,2,991,0,0,0
6,20,3645000,60000,0,5,1638,2300,2,0,70000,0,0,0,0,0,0,0,0,0,8,560,0,1,0,2,991,0,0,0
6,20,3645000,60000,0,5,1638,2300,2,0,70000,0,0,0,0,0,0,0,0,0,8,500,0,1,0,2,991,0,0,0
6,20,3645000,60000,0,5,1638,2300,2,0,70000,0,0,0,0,0,0,0,0,0,8,440,0,1,0,2,991,0,0,0
6,10,3645000,60000,0,5,1638,2300,2,0,70000,0,0,0,0,0,0,0,0,0,8,410,0,1,0,2,991,0,0,0
6,10,3645000,60000,0,5,1638,2300,2,0,70000,0,0,0,0,0,0,0,0,0,8,380,0,1,0,2,991,0,0,0
6,0,3645000,59999,0,5,1638,2300,2,0,70000,0,0,0,0,0,0,0,0,0,8,370,0,1,0,2,991,0,0,0
6,10,3645000,60000,0,5,1638,2300,2,0,70000,0,0,0,0,0,0,0,0,0,8,350,0,1,0,2,991,0,0,0
6,0,3645000,59999,0,5,1638,2300,2,0,70000,0,0,0,0,0,0,0,0,0,8,320,0,1,0,2,991,0,0,0
6,0,3645000,59996,0,5,1638,2300,2,0,70000,0,0,0,0,0,0,0,0,0,8,320,0,1,0,2,991,0,0,0
6,0,3645000,59994,0,5,1638,2300,2,0,70000,0,0,0,0,0,0,0,0,0,8,320,0,1,0,2,991,0,0,0
6,0,3645000,59991,0,5,1638,2300,2,0,70000,0,0,0,0,0,0,0,0,0,8,320,0,1,0,2,991,0,0,0
6,0,3645000,59989,0,5,1638,2300,2,0,70000,0,0,0,0,0,0,0,0,0,8,320,0,1,0,2,991,0,0,0
6,0,3645000,59986,0,5,1638,2300,2,0,70000,0,0,0,0,0,0,0,0,0,8,320,0,1,0,2,991,0,0,0
6,0,3645000,59983,0,5,1638,2300,2,0,70000,0,0,0,0,0,0,0,0,0,8,320,0,1,0,2,991,0,0,0
6,0,3645000,59980,0,5,1638,2300,2,0,70000,0,0,0,0,0,0,0,0,0,8,320,0,1,0,2,991,0,0,0
6,0,3645000,59977,0,5,1638,2300,2,0,70000,0,0,0,0,0,0,0,0,0,8,320,0,1,0,2,991,0,0,0
6,0,3645000,59974,0,5,1638,2300,2,0,70000,0,0,0,0,0,0,0,0,0,8,320,0,1,0,2,991,0,0,0
6,0,3645000,59971,0,5,1638,2300,2,0,70000,0,0,0,0,0,0,0,0,0,8,320,0,1,0,2,991,0,0,0
6,0,3645000,59968,0,5,1638,2300,2,0,70000,0,0,0,0,0,0,0,0,0,8,320,0,1,0,2,991,0,0,0
6,0,3645000,59965,0,5,1638,2300,2,3000,70000,0,0,0,0,0,0,0,0,0,8,320,0,1,0,2,991,0,0,0
6,0,3645000,59962,0,5,1638,2300,2,2760,70000,0,0,0,0,0,0,0,0,0,8,560,0,1,0,2,991,0,0,0
6,0,3645000,59960,0,5,1638,2300,2,2640,70000,0,0,0,0,0,0,0,0,0,8,680,0,1,0,2,991,0,0,0
6,0,3645000,59957,0,5,1738,2300,2,2460,70000,0,0,0,0,0,0,0,0,0,8,760,0,1,0,2,991,0,0,0
6,0,3645000,59955,0,5,1788,2300,2,2340,70000,0,0,0,0,0,0,0,0,0,8,830,0,1,0,2,991,0,0,0
6,0,3645000,59952,0,5,1879,2300,2,2160,70000,0,0,0,0,0,0,0,0,0,8,919,0,1,0,2,991,0,0,0
6,0,3645000,59949,0,5,90,2300,2,2040,70000,0,0,0,0,0,0,0,0,0,9,930,0,1,1,2,991,0,0,0
6,0,3645000,59946,0,5,193,2300,2,2040,70000,0,0,0,0,0,0,0,0,0,9,830,0,1,1,2,991,0,0,0
6,0,3645000,59943,0,5,296,2300,2,2000,70000,0,0,0,0,0,0,0,0,0,9,770,0,1,1,2,991,0,0,0
6,0,3645000,59940,0,5,346,2300,2,1940,70000,0,0,0,0,0,0,0,0,0,9,780,0,1,1,2,991,0,0,0
6,0,3645000,59937,0,5,346,2300,2,1820,70000,0,0,0,0,0,0,0,0,0,9,900,0,1,1,2,991,0,0,0
6,0,3645000,59935,0,5,346,2300,2,1740,70000,0,0,0,0,0,0,0,0,0,9,980,0,1,1,2,991,0,0,0
6,0,3645000,59932,0,5,346,2300,2,1620,70000,0,0,0,0,0,0,0,0,0,9,1100,0,1,1,2,991,0,0,0
6,0,3645000,59929,0,5,346,2300,2,1520,70000,0,0,0,0,0,0,0,0,0,9,1200,0,1,1,2,991,0,0,0
6,0,3645000,59927,0,5,396,2300,2,1480,70000,0,0,0,0,0,0,0,0,0,9,1190,0,1,1,2,991,0,0,0
6,0,3645000,59924,0,5,496,2300,2,1440,70000,0,0,0,0,0,0,0,0,0,9,1130,0,1,1,2,991,0,0,0
6,0,3645000,59920,0,5,737,2300,2,1440,70000,0,0,0,0,0,0,0,0,0,9,889,0,1,1,2,991,0,0,0
6,0,3645000,59917,0,5,837,2300,2,1420,70000,0,0,0,0,0,0,0,0,0,9,809,0,1,1,2,991,0,0,0
6,0,3645000,59915,0,5,937,2300,2,1380,70000,0,0,0,0,0,0,0,0,0,9,749,0,1,1,2,991,0,0,0
6,0,3645000,59913,0,5,946,2300,2,1340,70000,0,0,0,0,0,0,0,0,0,9,780,0,1,1,2,991,0,0,0
6,0,3645000,59910,0,5,946,2300,2,1280,70000,0,0,0,0,0,0,0,0,0,9,840,0,1,1,2,991,0,0,0
6,0,3645000,59908,0,5,946,2300,2,1240,70000,0,0,0,0,0,0,0,0,0,9,880,0,1,1,2,991,0,0,0
6,0,3645000,59905,0,5,946,2300,2,1140,70000,0,0,0,0,0,0,0,0,0,9,980,0,1,1,2,991,0,0,0
6,0,3645000,59902,0,5,946,2300,2,1040,70000,0,0,0,0,0,0,0,0,0,9,1080,0,1,1,2,991,0,0,0
6,0,3645000,59899,0,5,996,2300,2,980,70000,0,0,0,0,0,0,0,0,0,9,1090,0,1,1,2,991,0,0,0
6,0,3645000,59898,0,5,996,2300,2,960,70000,0,0,0,0,0,0,0,0,0,9,1110,0,1,1,2,991,0,0,0
6,0,3645000,59896,0,5,1046,2300,2,920,70000,0,0,0,0,0,0,0,0,0,9,1100,0,1,1,2,991,0,0,0
6,10,3645000,60000,0,5,1196,2300,2,860,70000,0,0,0,0,0,0,0,0,0,9,980,0,1,1,2,991,0,0,0
6,10,3645000,60000,0,5,1246,2300,2,840,70000,0,0,0,0,0,0,0,0,0,9,920,0,1,1,2,991,0,0,0
6,20,3645000,60000,0,5,1268,2300,2,840,70000,0,0,0,0,0,0,0,0,0,9,858,0,1,1,2,991,0,0,0
6,20,3645000,60000,0,5,1318,2300,2,820,70000,0,0,0,0,0,0,0,0,0,9,768,0,1,1,2,991,0,0,0
6,20,3645000,60000,0,5,1368,2300,2,780,70000,0,0,0,0,0,0,0,0,0,9,718,0,1,1,2,991,0,0,0
6,20,3645000,60000,0,5,1368,2300,2,720,70000,0,0,0,0,0,0,0,0,0,9,718,0,1,1,2,991,0,0,0
6,20,3645000,60000,0,5,1459,2300,2,660,70000,0,0,0,0,0,0,0,0,0,9,627,0,1,1,2,991,0,0,0
6,20,3645000,60000,0,5,1509,2300,2,600,70000,0,0,0,0,0,0,0,0,0,9,577,0,1,1,2,991,0,0,0
6,20,3645000,60000,0,5,1546,2300,2,3500,70000,0,0,0,0,0,0,0,0,0,9,600,0,1,1,2,991,0,0,0
6,20,3645000,60000,0,5,1546,2300,2,3240,70000,0,0,0,0,0,0,0,0,0,9,780,0,1,0,2,991,0,0,0
6,10,3645000,60000,0,5,1645,2300,2,3120,70000,0,0,0,0,0,0,0,0,0,9,771,0,1,0,2,991,0,0,0
6,10,3645000,60000,0,5,1695,2300,2,2880,70000,0,0,0,0,0,0,0,0,0,9,931,0,1,0,2,991,0,0,0
6,10,3645000,60000,0,5,1745,2300,2,2740,70000,0,0,0,0,0,0,0,0,0,9,1001,0,1,0,2,991,0,0,0
6,0,3645000,59999,0,5,1795,2300,2,2560,70000,0,0,0,0,0,0,0,0,0,9,1111,0,1,0,2,991,0,0,0
6,0,3645000,59996,0,5,1846,2300,2,2420,70000,0,0,0,0,0,0,0,0,0,8,1200,0,1,0,2,991,0,0,0
6,0,3645000,59993,0,5,1846,2300,2,2240,70000,0,0,0,0,0,0,0,0,0,8,1380,0,1,0,2,991,0,0,0
6,0,3645000,59991,0,5,1846,2300,2,2140,70000,0,0,0,0,0,0,0,0,0,8,1480,0,1,0,2,991,0,0,0
6,0,3645000,59988,0,5,1846,2300,2,2020,70000,0,0,0,0,0,0,0,0,0,8,1600,0,1,0,2,991,0,0,0
6,0,3645000,59985,0,5,252,2300,2,1940,70000,0,0,0,0,0,0,0,0,0,9,1375,0,1,1,2,991,0,0,0
6,0,3645000,59982,0,5,447,2300,2,1880,70000,0,0,0,0,0,0,0,0,0,9,1240,0,1,1,2,991,0,0,0
6,0,3645000,59980,0,5,597,2300,2,1880,70000,0,0,0,0,0,0,0,0,0,9,1090,0,1,1,2,991,0,0,0
6,10,3645000,60000,0,5,697,2300,2,1880,70000,0,0,0,0,0,0,0,0,0,9,980,0,1,1,2,991,0,0,0
6,10,3645000,60000,0,5,747,2300,2,1880,70000,0,0,0,0,0,0,0,0,0,9,910,0,1,1,2,991,0,0,0
6,10,3645000,60000,0,5,747,2300,2,1880,70000,0,0,0,0,0,0,0,0,0,9,910,0,1,1,2,991,0,0,0
6,10,3645000,60000,0,5,847,2300,2,1880,70000,0,0,0,0,0,0,0,0,0,9,780,0,1,1,2,991,0,0,0
6,10,3645000,60000,0,5,847,2300,2,1880,70000,0,0,0,0,0,0,0,0,0,9,750,0,1,1,2,991,0,0,0
6,10,3645000,60000,0,5,847,2300,2,1880,70000,0,0,0,0,0,0,0,0,0,9,740,0,1,1,2,991,0,0,0
6,10,3645000,60000,0,5,847,2300,2,1880,70000,0,0,0,0,0,0,0,0,0,9,720,0,1,1,2,991,0,0,0
6,10,3645000,60000,0,5,847,2300,2,1860,70000,0,0,0,0,0,0,0,0,0,9,720,0,1,1,2,991,0,0,0
6,20,3645000,60000,0,5,847,2300,2,1800,70000,0,0,0,0,0,0,0,0,0,9,740,0,1,1,2,991,0,0,0
6,20,3645000,60000,0,5,847,2300,2,1760,70000,0,0,0,0,0,0,0,0,0,9,740,0,1,1,2,991,0,0,0
6,20,3645000,60000,0,5,847,2300,2,1700,70000,0,0,0,0,0,0,0,0,0,9,740,0,1,1,2,991,0,0,0
6,20,3645000,60000,0,5,847,2300,2,1600,70000,0,0,0,0,0,0,0,0,0,9,780,0,1,1,2,991,0,0,0
6,20,3645000,60000,0,5,847,2300,2,1520,70000,0,0,0,0,0,0,0,0,0,9,820,0,1,1,2,991,0,0,0
6,20,3645000,60000,0,5,847,2300,2,1440,70000,0,0,0,0,0,0,0,0,0,9,840,0,1,1,2,991,0,0,0
6,10,3645000,60000,0,5,847,2300,2,1400,70000,0,0,0,0,0,0,0,0,0,9,860,0,1,1,2,991,0,0,0
6,10,3645000,60000,0,5,847,2300,2,1340,70000,0,0,0,0,0,0,0,0,0,9,890,0,1,1,2,991,0,0,0
6,10,3645000,60000,0,5,847,2300,2,1300,70000,0,0,0,0,0,0,0,0,0,9,910,0,1,1,2,991,0,0,0
6,10,3645000,60000,0,5,847,2300,2,1280,70000,0,0,0,0,0,0,0,0,0,9,900,0,1,1,2,991,0,0,0
6,10,3645000,60000,0,5,847,2300,2,1280,70000,0,0,0,0,0,0,0,0,0,9,880,0,1,1,2,991,0,0,0
6,10,3645000,60000,0,5,947,2300,2,1280,70000,0,0,0,0,0,0,0,0,0,9,750,0,1,1,2,991,0,0,0
6,0,3645000,59998,0,5,947,2300,2,1280,70000,0,0,0,0,0,0,0,0,0,9,740,0,1,1,2,991,0,0,0
6,0,3645000,59995,0,5,1047,2300,2,1240,70000,0,0,0,0,0,0,0,0,0,9,680,0,1,1,2,991,0,0,0
6,0,3645000,59993,0,5,1047,2300,2,1200,70000,0,0,0,0,0,0,0,0,0,9,720,0,1,1,2,991,0,0,0
6,0,3645000,59990,0,5,1446,2300,2,1140,70000,0,0,0,0,0,0,0,0,0,9,381,0,1,1,2,991,0,0,0
6,0,3645000,59987,0,5,1447,2300,2,1080,70000,0,0,0,0,0,0,0,0,0,9,440,0,1,1,2,991,0,0,0
6,0,3645000,59984,0,5,1447,2300,2,1020,70000,0,0,0,0,0,0,0,0,0,9,500,0,1,1,2,991,0,0,0
6,0,3645000,59982,0,5,1447,2300,2,980,70000,0,0,0,0,0,0,0,0,0,9,540,0,1,1,2,991,0,0,0
6,0,3645000,59979,0,5,1447,2300,2,960,70000,0,0,0,0,0,0,0,0,0,9,560,0,1,1,2,991,0,0,0
6,0,3645000,59976,0,5,1447,2300,2,900,70000,0,0,0,0,0,0,0,0,0,9,620,0,1,1,2,991,0,0,0
6,0,3645000,59973,0,5,1447,2300,2,840,70000,0,0,0,0,0,0,0,0,0,9,680,0,1,1,2,991,0,0,0
6,0,3645000,59970,0,5,1447,2300,2,720,70000,0,0,0,0,0,0,0,0,0,9,800,0,1,0,2,991,0,0,0
6,0,3645000,59967,0,5,1447,2300,2,580,70000,0,0,0,0,0,0,0,0,0,8,940,0,1,0,2,991,0,0,0
6,0,3645000,59964,0,5,1447,2300,2,420,70000,0,0,0,0,0,0,0,0,0,8,1100,0,1,0,2,991,0,0,0
6,10,3645000,60000,0,5,1447,2300,2,300,70000,0,0,0,0,0,0,0,0,0,8,1210,0,1,0,2,991,0,0,0
6,10,3645000,60000,0,5,1447,2300,2,220,70000,0,0,0,0,0,0,0,0,0,8,1270,0,1,0,2,991,0,0,0
6,10,3645000,60000,0,5,1447,2300,2,140,70000,0,0,0,0,0,0,0,0,0,8,1320,0,1,0,2,991,0,0,0
6,10,3645000,60000,0,5,1447,2300,2,80,70000,0,0,0,0,0,0,0,0,0,8,1350,0,1,0,2,991,0,0,0
6,10,3645000,60000,0,5,1447,2300,2,80,70000,0,0,0,0,0,0,0,0,0,8,1320,0,1,0,2,991,0,0,0
6,10,3645000,60000,0,5,1447,2300,2,80,70000,0,0,0,0,0,0,0,0,0,8,1290,0,1,0,2,991,0,0,0
6,20,3645000,60000,0,5,1447,2300,2,80,70000,0,0,0,0,0,0,0,0,0,8,1250,0,1,0,2,991,0,0,0
6,20,3645000,60000,0,5,1496,2300,2,80,70000,0,0,0,0,0,0,0,0,0,8,1141,0,1,0,2,991,0,0,0
6,20,3645000,60000,0,5,1551,2300,2,80,70000,0,0,0,0,0,0,0,0,0,8,1026,0,1,0,2,991,0,0,0
6,20,3645000,60000,0,5,1601,2300,2,80,70000,0,0,0,0,0,0,0,0,0,8,916,0,1,0,2,991,0,0,0
6,20,3645000,60000,0,5,1701,2300,2,80,70000,0,0,0,0,0,0,0,0,0,8,756,0,1,0,2,991,0,0,0
6,10,3645000,60000,0,5,1947,2300,2,80,70000,0,0,0,0,0,0,0,0,0,9,480,0,1,0,2,991,0,0,0
6,10,3645000,60000,0,5,99,2300,2,80,70000,0,0,0,0,0,0,0,0,0,9,410,0,1,1,2,991,0,0,0
6,10,3645000,60000,0,5,152,2300,2,80,70000,0,0,0,0,0,0,0,0,0,9,330,0,1,1,2,991,0,0,0
6,10,3645000,60000,0,5,155,2300,2,80,70000,0,0,0,0,0,0,0,0,0,9,300,0,1,1,2,991,0,0,0
6,10,3645000,60000,0,5,158,2300,2,80,70000,0,0,0,0,0,0,0,0,0,9,270,0,1,1,2,991,0,0,0
6,10,3645000,60000,0,5,161,2300,2,80,70000,0,0,0,0,0,0,0,0,0,9,240,0,1,1,2,991,0,0,0
6,0,3645000,59997,0,5,164,2300,2,60,70000,0,0,0,0,0,0,0,0,0,9,260,0,1,1,2,991,0,0,0
6,0,3645000,59994,0,5,167,2300,2,0,70000,0,0,0,0,0,0,0,0,0,9,320,0,1,1,2,991,0,0,0
6,0,3645000,59992,0,5,169,2300,2,0,70000,0,0,0,0,0,0,0,0,0,9,320,0,1,1,2,991,0,0,0
6,0,3645000,59989,0,5,172,2300,2,0,70000,0,0,0,0,0,0,0,0,0,9,320,0,1,1,2,991,0,0,0
6,0,3645000,59986,0,5,175,2300,2,0,70000,0,0,0,0,0,0,0,0,0,9,320,0,1,1,2,991,0,0,0
6,0,3645000,59983,0,5,178,2300,2,0,70000,0,0,0,0,0,0,0,0,0,9,320,0,1,1,2,991,0,0,0
6,0,3645000,59981,0,5,180,2300,2,0,70000,0,0,0,0,0,0,0,0,0,9,320,0,1,1,2,991,0,0,0
6,0,3645000,59978,0,5,183,2300,2,0,70000,0,0,0,0,0,0,0,0,0,9,320,0,1,1,2,991,0,0,0
6,0,3645000,59975,0,5,186,2300,2,0,70000,0,0,0,0,0,0,0,0,0,9,320,0,1,1,2,991,0,0,0
6,0,3645000,59972,0,5,189,2300,2,0,70000,0,0,0,0,0,0,0,0,0,9,320,0,1,1,2,991,0,0,0
6,0,3645000,59969,0,5,192,2300,2,0,70000,0,0,0,0,0,0,0,0,0,9,320,0,1,1,2,991,0,0,0
6,0,3645000,59966,0,5,195,2300,2,0,70000,0,0,0,0,0,0,0,0,0,9,320,0,1,1,2,991,0,0,0
6,0,3645000,59964,0,5,197,2300,2,0,70000,0,0,0,0,0,0,0,0,0,9,320,0,1,1,2,991,0,0,0
6,0,3645000,59961,0,5,200,2300,2,0,70000,0,0,0,0,0,0,0,0,0,9,320,0,1,1,2,991,0,0,0
6,0,3645000,59957,0,5,204,2300,2,2760,70000,0,0,0,0,0,0,0,0,0,9,560,0,1,1,2,991,0,0,0
6,0,3645000,59955,0,5,206,2300,2,2640,70000,0,0,0,0,0,0,0,0,0,9,680,0,1,1,2,991,0,0,0
6,0,3645000,59952,0,5,209,2300,2,2460,70000,0,0,0,0,0,0,0,0,0,9,860,0,1,1,2,991,0,0,0
6,0,3645000,59948,0,5,263,2300,2,2220,70000,0,0,0,0,0,0,0,0,0,9,1050,0,1,1,2,991,0,0,0
6,0,3645000,59946,0,5,513,2300,2,2100,70000,0,0,0,0,0,0,0,0,0,9,920,0,1,1,2,991,0,0,0
6,0,3645000,59943,0,5,613,2300,2,2040,70000,0,0,0,0,0,0,0,0,0,9,880,0,1,1,2,991,0,0,0
6,0,3645000,59941,0,5,763,2300,2,2040,70000,0,0,0,0,0,0,0,0,0,9,730,0,1,1,2,991,0,0,0
6,0,3645000,59938,0,5,963,2300,2,2040,70000,0,0,0,0,0,0,0,0,0,9,530,0,1,1,2,991,0,0,0
6,0,3645000,59935,0,5,1113,2300,2,2040,70000,0,0,0,0,0,0,0,0,0,9,380,0,1,1,2,991,0,0,0
6,0,3645000,59933,0,5,1113,2300,2,2000,70000,0,0,0,0,0,0,0,0,0,9,420,0,1,1,2,991,0,0,0
6,0,3645000,59930,0,5,1113,2300,2,1920,70000,0,0,0,0,0,0,0,0,0,9,500,0,1,0,2,991,0,0,0
6,0,3645000,59927,0,5,1113,2300,2,1760,70000,0,0,0,0,0,0,0,0,0,9,660,0,1,0,2,991,0,0,0
6,0,3645000,59924,0,5,1113,2300,2,1580,70000,0,0,0,0,0,0,0,0,0,9,840,0,1,0,2,991,0,0,0
6,0,3645000,59922,0,5,1113,2300,2,1460,70000,0,0,0,0,0,0,0,0,0,9,960,0,1,0,2,991,0,0,0
6,0,3645000,59919,0,5,1113,2300,2,1260,70000,0,0,0,0,0,0,0,0,0,9,1160,0,1,0,2,991,0,0,0
6,0,3645000,59915,0,5,1163,2300,2,1040,70000,0,0,0,0,0,0,0,0,0,9,1330,0,1,0,2,991,0,0,0
6,0,3645000,59913,0,5,1213,2300,2,980,70000,0,0,0,0,0,0,0,0,0,9,1340,0,1,0,2,991,0,0,0
6,0,3645000,59910,0,5,1363,2300,2,920,70000,0,0,0,0,0,0,0,0,0,9,1250,0,1,0,2,991,0,0,0
6,0,3645000,59907,0,5,1466,2300,2,860,70000,0,0,0,0,0,0,0,0,0,9,1207,0,1,0,2,991,0,0,0
6,0,3645000,59904,0,5,1516,2300,2,840,70000,0,0,0,0,0,0,0,0,0,9,1177,0,1,0,2,991,0,0,0
6,0,3645000,59901,0,5,1650,2300,2,820,70000,0,0,0,0,0,0,0,0,0,9,1063,0,1,0,2,991,0,0,0
6,0,3645000,59898,0,5,1700,2300,2,760,70000,0,0,0,0,0,0,0,0,0,9,807,0,1,0,2,1237,0,0,0
6,0,3645000,59895,0,5,1747,2300,2,700,70000,0,0,0,0,0,0,0,0,0,9,820,0,1,0,2,1207,0,0,0
6,0,3645000,59892,0,5,1747,2300,2,640,70000,0,0,0,0,0,0,0,0,0,9,880,0,1,0,2,1177,0,0,0
6,10,3645000,60000,0,5,1747,2300,2,540,70000,0,0,0,0,0,0,0,0,0,9,950,0,1,0,2,1147,0,0,0
6,10,3645000,60000,0,5,1747,2300,2,500,70000,0,0,0,0,0,0,0,0,0,9,980,0,1,0,2,1137,0,0,0
6,10,3645000,60000,0,5,1747,2300,2,360,70000,0,0,0,0,0,0,0,0,0,9,1090,0,1,0,2,1107,0,0,0
6,10,3645000,60000,0,5,1847,2300,2,200,70000,0,0,0,0,0,0,0,0,0,9,1110,0,1,0,2,1067,0,0,0
6,10,3645000,60000,0,5,1947,2300,2,120,70000,0,0,0,0,0,0,0,0,0,10,1070,0,1,0,2,1047,0,0,0
6,10,3645000,60000,0,5,150,2300,2,0,70000,0,0,0,0,0,0,0,0,0,10,1060,0,1,1,2,1017,0,0,0
6,10,3645000,60000,0,5,153,2300,2,0,70000,0,0,0,0,0,0,0,0,0,10,1030,0,1,1,2,997,0,0,0
6,10,3645000,60000,0,5,155,2300,2,0,70000,0,0,0,0,0,0,0,0,0,10,1010,0,1,1,2,997,0,0,0
6,10,3645000,60000,0,5,157,2300,2,0,70000,0,0,0,0,0,0,0,0,0,10,990,0,1,1,2,997,0,0,0
6,10,3645000,60000,0,5,210,2300,2,2940,70000,0,0,0,0,0,0,0,0,0,10,970,0,1,1,2,997,0,0,0
6,10,3645000,60000,0,5,460,2300,2,2820,70000,0,0,0,0,0,0,0,0,0,10,820,0,1,1,2,997,0,0,0
6,0,3645000,59999,0,5,460,2300,2,2640,70000,0,0,0,0,0,0,0,0,0,10,980,0,1,1,2,997,0,0,0
6,0,3645000,59996,0,5,460,2300,2,2460,70000,0,0,0,0,0,0,0,0,0,10,1160,0,1,1,2,997,0,0,0
6,0,3645000,59994,0,5,460,2300,2,2340,70000,0,0,0,0,0,0,0,0,0,10,1280,0,1,1,2,997,0,0,0
6,0,3645000,59992,0,5,460,2300,2,2240,70000,0,0,0,0,0,0,0,0,0,10,1380,0,1,1,2,997,0,0,0
6,10,3645000,60000,0,5,460,2300,2,2180,70000,0,0,0,0,0,0,0,0,0,10,1420,0,1,1,2,997,0,0,0
6,10,3645000,60000,0,5,460,2300,2,2180,70000,0,0,0,0,0,0,0,0,0,9,1100,0,1,1,2,997,0,0,0
6,10,3645000,60000,0,5,460,2300,2,2120,70000,0,0,0,0,0,0,0,0,0,9,1130,0,1,1,2,997,0,0,0
6,10,3645000,60000,0,5,460,2300,2,2080,70000,0,0,0,0,0,0,0,0,0,9,1150,0,1,1,2,997,0,0,0
6,10,3645000,60000,0,5,460,2300,2,2000,70000,0,0,0,0,0,0,0,0,0,9,1190,0,1,1,2,997,0,0,0
6,10,3645000,60000,0,5,460,2300,2,1940,70000,0,0,0,0,0,0,0,0,0,9,1220,0,1,1,2,997,0,0,0
6,20,3645000,60000,0,5,560,2300,2,1880,70000,0,0,0,0,0,0,0,0,0,9,1140,0,1,1,2,997,0,0,0
6,20,3645000,60000,0,5,660,2300,2,1880,70000,0,0,0,0,0,0,0,0,0,9,980,0,1,1,2,997,0,0,0
6,20,3645000,60000,0,5,760,2300,2,1880,70000,0,0,0,0,0,0,0,0,0,9,800,0,1,1,2,997,0,0,0
6,20,3645000,60000,0,5,760,2300,2,1880,70000,0,0,0,0,0,0,0,0,0,9,760,0,1,1,2,997,0,0,0
6,10,3645000,60000,0,5,760,2300,2,1880,70000,0,0,0,0,0,0,0,0,0,9,710,0,1,1,2,997,0,0,0
6,10,3645000,60000,0,5,760,2300,2,1880,70000,0,0,0,0,0,0,0,0,0,9,680,0,1,1,2,997,0,0,0
6,10,3645000,60000,0,5,760,2300,2,1880,70000,0,0,0,0,0,0,0,0,0,9,650,0,1,1,2,997,0,0,0
6,20,3645000,60000,0,5,760,2300,2,1880,70000,0,0,0,0,0,0,0,0,0,9,610,0,1,1,2,997,0,0,0
6,20,3645000,60000,0,5,760,2300,2,1840,70000,0,0,0,0,0,0,0,0,0,9,590,0,1,1,2,997,0,0,0
